Image_6	4.1168	0.0013	4.1127	0.0013	0	0
Image_6	4.2934	0.0013	4.2893	0.0013	0	0
Image_6	0.2476	0.0013	0.2432	0.0024	0	0
Image_6	4.2237	0.0013	4.2185	0.0024	0	0
Image_6	4.8848	0.0012	4.8789	0.0031	0	0
Image_6	1.8309	0.0013	1.8251	0.0035	0	0
Image_6	6.3095	0.0013	6.3035	0.0035	0	0
Image_6	6.3142	0.0013	6.3081	0.0035	0	0
Image_6	0.2418	0.0013	0.2367	0.0032	0	0
Image_6	4.7763	0.0013	4.7718	0.0017	0	0
Image_6	4.315	0.0013	4.3109	0.002	0	0
Image_6	5.2817	0.0013	5.2768	0.0013	0	0
Image_6	4.3202	0.0012	4.3161	0.0013	0	0
Image_6	0.2434	0.0012	0.2398	0.0017	0	0
Image_6	4.2374	0.0012	4.2321	0.0024	0	0
Image_6	6.7956	0.0013	6.7914	0.0017	0	0
Image_6	7.4859	0.0013	7.4792	0.0046	0	0
Image_6	4.1316	0.0013	4.1276	0.0013	0	0
Image_6	4.4003	0.0013	4.3948	0.0026	0	0
Image_6	0.2277	0.0013	0.2237	0.002	0	0
Image_7	4.2894	0.0013	4.2822	0.0044	0	0
Image_7	4.3899	0.0013	4.3853	0.0017	0	0
Image_7	0.2503	0.0013	0.24	0.0084	0	0
Image_7	4.9188	0.0013	4.9082	0.0077	0	0
Image_7	6.2001	0.0012	6.1881	0.0099	0	0
Image_7	4.2064	0.0013	4.1962	0.0073	0	0
Image_7	0.2429	0.0013	0.24	0.0009	0	0
Image_7	1.8116	0.0013	1.8079	0.0017	0	0
Image_7	0.2508	0.0012	0.2473	0.0017	0	0
Image_7	6.5387	0.0013	6.5356	0.0009	0	0
Image_7	2.7655	0.0013	2.7614	0.0021	0	0
Image_7	5.4748	0.0013	5.4709	0.0019	0	0
Image_7	5.0396	0.0013	5.0334	0.0036	0	0
Image_7	4.4514	0.0013	4.4442	0.0043	0	0
Image_7	7.4781	0.0013	7.4725	0.0033	0	0
Image_7	4.281	0.0013	4.276	0.0021	0	0
Image_7	0.2534	0.0013	0.2432	0.0084	0	0
Image_7	4.2484	0.0013	4.2437	0.0021	0	0
Image_7	4.7777	0.0012	4.7682	0.0066	0	0
Image_7	6.4584	0.0013	6.4535	0.0025	0	0
Image_140	6.3007	0.0013	6.2945	0.0041	0	0
Image_140	4.2602	0.0013	4.2529	0	0	0
Image_140	6.3174	0.0013	6.3111	0.0041	0	0
Image_140	0.231	0.0013	0.2256	0.0037	0	0
Image_140	4.4524	0.0013	4.4461	0.0034	0	0
Image_140	5.6713	0.0013	5.6654	0.0037	0	0
Image_140	7.4633	0.0013	7.4568	0	0	0
Image_140	4.0588	0.0013	4.0529	0.003	0	0
Image_140	0.223	0.0012	0.2194	0.0018	0	0
Image_140	4.6286	0.0013	4.624	0.0022	0	0
Image_140	4.2825	0.0013	4.2754	0	0	0
Image_140	5.2902	0.0013	5.2845	0.003	0	0
Image_140	4.2469	0.0013	4.2398	0	0	0
Image_140	4.0524	0.0013	4.0465	0.003	0	0
Image_140	0.2418	0.0012	0.2393	0.0007	0	0
Image_140	4.2515	0.0013	4.246	0.0026	0	0
Image_140	4.1231	0.0013	4.1201	0.0007	0	0
Image_140	4.2459	0.0012	4.2419	0.0011	0	0
Image_140	6.3407	0.0013	6.3339	0	0	0
Image_140	3.0458	0.0013	3.0409	0.0029	0	0
Image_180	4.1779	0.0013	4.1717	0.0034	0	0
Image_180	5.1173	0.0013	5.1135	0.0011	0	0
Image_180	0.2508	0.0013	0.2483	0.0007	0	0
Image_180	0.2396	0.0012	0.2337	0.0041	0	0
Image_180	0.24	0.0013	0.234	0.0041	0	0
Image_180	0.2402	0.0013	0.2343	0.0041	0	0
Image_180	4.0514	0.0013	4.0465	0.0026	0	0
Image_180	4.6382	0.0013	4.6297	0	0	0
Image_180	4.2721	0.0013	4.2656	0.0037	0	0
Image_180	1.8337	0.0013	1.8249	0.0064	0	0
Image_180	5.7469	0.0013	5.7397	0.0037	0	0
Image_180	4.0707	0.0013	4.062	0.006	0	0
Image_180	1.8291	0.0013	1.8254	0.0015	0	0
Image_180	6.4699	0.0013	6.4644	0.003	0	0
Image_180	4.2856	0.0012	4.2805	0.0023	0	0
Image_180	5.0405	0.0013	5.033	0.0052	0	0
Image_180	5.5655	0.0013	5.5616	0.0007	0	0
Image_180	4.214	0.0013	4.2074	0.0037	0	0
Image_180	4.2509	0.0013	4.2463	0.0015	0	0
Image_180	4.3833	0.0013	4.3797	0.0007	0	0
Image_205	5.2203	0.0013	5.2153	0.0017	0	0
Image_205	4.3537	0.0013	4.3476	0.0029	0	0
Image_205	0.224	0.0013	0.2196	0.0024	0	0
Image_205	4.1519	0.0013	4.1473	0.0017	0	0
Image_205	4.1288	0.0013	4.1224	0.0035	0	0
Image_205	0.2528	0.0013	0.2445	0.0064	0	0
Image_205	6.7702	0.0013	6.7649	0.0028	0	0
Image_205	7.4376	0.0013	7.4309	0.0046	0	0
Image_205	1.83	0.0013	1.825	0.0027	0	0
Image_205	4.043	0.0013	4.0372	0.0035	0	0
Image_205	5.4012	0.0013	5.397	0.0013	0	0
Image_205	6.5431	0.0013	6.5358	0.005	0	0
Image_205	7.4937	0.0013	7.4878	0.0036	0	0
Image_205	0.2263	0.0013	0.2225	0.0017	0	0
Image_205	6.3366	0.0013	6.3258	0.0083	0	0
Image_205	4.0596	0.0013	4.0537	0.003	0	0
Image_205	4.3305	0.0013	4.3231	0.0054	0	0
Image_205	5.751	0.0013	5.7462	0.0021	0	0
Image_205	4.1428	0.0013	4.1362	0.0036	0	0
Image_205	1.8387	0.0013	1.8235	0.0036	0	0
Image_209	3.0511	0.0013	3.0466	0.0024	0	0
Image_209	0.2279	0.0013	0.2237	0.0023	0	0
Image_209	7.4999	0.0013	7.4922	0.0054	0	0
Image_209	5.1235	0.0013	5.117	0.0039	0	0
Image_209	2.7734	0.0013	2.7706	0.0008	0	0
Image_209	4.3964	0.0013	4.382	0.0116	0	0
Image_209	4.296	0.0012	4.2902	0.0031	0	0
Image_209	4.468	0.0013	4.4566	0.0084	0	0
Image_209	6.816	0.0013	6.8123	0.0012	0	0
Image_209	4.4632	0.0012	4.4519	0.0082	0	0
Image_209	3.0601	0.0013	3.0557	0.0023	0	0
Image_209	7.4777	0.0013	7.4748	0.0008	0	0
Image_209	0.223	0.0013	0.2199	0.0012	0	0
Image_209	4.2486	0.0013	4.2381	0.0079	0	0
Image_209	4.8892	0.0013	4.8856	0.0008	0	0
Image_209	5.0732	0.0014	5.0692	0.0013	0	0
Image_209	0.2508	0.0013	0.2455	0.0035	0	0
Image_209	5.1311	0.0013	5.1248	0.0038	0	0
Image_209	1.8104	0.0012	1.806	0.0025	0	0
Image_209	4.2549	0.0013	4.2507	0.0012	0	0
Image_228	1.8088	0.0012	1.8059	0.0011	0	0
Image_228	4.8008	0.0013	4.7947	0.0034	0	0
Image_228	5.1233	0.0013	5.1174	0.0034	0	0
Image_228	4.1088	0.0013	4.1031	0.0034	0	0
Image_228	6.4809	0.0013	6.4764	0.002	0	0
Image_228	5.0495	0.0013	5.0424	0.0045	0	0
Image_228	0.2253	0.0013	0.2223	0.0012	0	0
Image_228	6.622	0.0013	6.6184	0.0016	0	0
Image_228	4.2118	0.0013	4.2052	0.0038	0	0
Image_228	0.2411	0.0014	0.2384	0.0008	0	0
Image_228	4.2054	0.0013	4.1985	0.004	0	0
Image_228	7.4593	0.0013	7.4552	0.002	0	0
Image_228	4.3368	0.0012	4.3325	0.0012	0	0
Image_228	4.0609	0.0012	4.0562	0.002	0	0
Image_228	4.2983	0.0013	4.286	0	0	0
Image_228	5.1221	0.0013	5.116	0.0035	0	0
Image_228	0.237	0.0013	0.2342	0.0008	0	0
Image_228	1.8356	0.0012	1.8323	0.0012	0	0
Image_228	3.0481	0.0013	3.044	0.0019	0	0
Image_228	4.1426	0.0013	4.1389	0.0008	0	0
Image_265	3.0473	0.0013	3.0428	0.0021	0	0
Image_265	4.1576	0.0012	4.1508	0.0036	0	0
Image_265	1.8251	0.0012	1.8155	0.0075	0	0
Image_265	1.8194	0.0013	1.8115	0.0056	0	0
Image_265	1.8306	0.0013	1.8244	0.0036	0	0
Image_265	4.2826	0.0013	4.2766	0.0028	0	0
Image_265	1.8199	0.0013	1.8121	0.0056	0	0
Image_265	0.2563	0.0013	0.2468	0.0073	0	0
Image_265	6.3099	0.0013	6.3037	0.0036	0	0
Image_265	5.4134	0.0014	5.4081	0.0021	0	0
Image_265	0.223	0.0013	0.218	0.0028	0	0
Image_265	0.2404	0.0013	0.2353	0.0028	0	0
Image_265	2.773	0.0013	2.7605	0.0103	0	0
Image_265	0.2427	0.0013	0.2385	0.002	0	0
Image_265	0.2272	0.0013	0.2227	0.0024	0	0
Image_265	0.2599	0.0013	0.2542	0.0031	0	0
Image_265	0.2327	0.0013	0.2278	0.0027	0	0
Image_265	4.2387	0.0013	4.2299	0.0057	0	0
Image_265	4.1616	0.0013	4.1564	0.0021	0	0
Image_265	5.0426	0.0012	5.0352	0.0046	0	0
Image_325	5.0467	0.0013	5.0415	0.0026	0	0
Image_325	3.0407	0.0013	3.0316	0.007	0	0
Image_325	1.8189	0.0013	1.8126	0.0043	0	0
Image_325	3.044	0.0013	3.0352	0.0069	0	0
Image_325	4.2791	0.0013	4.2702	0.0061	0	0
Image_325	2.7772	0.0013	2.7684	0	0	0
Image_325	5.1202	0.0013	5.1138	0.0034	0	0
Image_325	4.3856	0.0013	4.3814	0.0015	0	0
Image_325	7.4912	0.0013	7.4879	0.0012	0	0
Image_325	4.9143	0.0013	4.9103	0.0012	0	0
Image_325	1.8347	0.0013	1.8303	0.0022	0	0
Image_325	4.3037	0.0013	4.2983	0.0027	0	0
Image_325	5.0617	0.0013	5.0564	0.0027	0	0
Image_325	0.2414	0.0013	0.2388	0.0007	0	0
Image_325	5.7575	0.0012	5.7492	0.0057	0	0
Image_325	4.1815	0.0013	4.1736	0.0049	0	0
Image_325	5.4338	0.0013	5.4274	0.0034	0	0
Image_325	4.1386	0.0013	4.1332	0.0023	0	0
Image_325	6.8221	0.0012	6.8179	0.0019	0	0
Image_325	3.0469	0.0013	3.0415	0.0034	0	0
Image_337	3.0456	0.0013	3.0409	0.0025	0	0
Image_337	6.3589	0.0013	6.3539	0.0025	0	0
Image_337	4.7962	0.0012	4.7911	0.0022	0	0
Image_337	4.6306	0.0013	4.6251	0.0029	0	0
Image_337	0.2415	0.0013	0.2371	0.0025	0	0
Image_337	0.2254	0.0013	0.2209	0.0025	0	0
Image_337	5.6744	0.0012	5.6688	0.0033	0	0
Image_337	4.3424	0.0012	4.3351	0.0044	0	0
Image_337	1.8372	0.0012	1.8325	0.0025	0	0
Image_337	6.35	0.0013	6.3448	0.0026	0	0
Image_337	4.0543	0.0013	4.0438	0.008	0	0
Image_337	4.0629	0.0013	4.0526	0.0079	0	0
Image_337	4.9017	0.0013	4.8964	0.0018	0	0
Image_337	0.2307	0.0012	0.2237	0.0051	0	0
Image_337	1.835	0.0013	1.8299	0.0029	0	0
Image_337	4.3409	0.0013	4.3334	0.0044	0	0
Image_337	4.2451	0.0013	4.2264	0.0158	0	0
Image_337	6.8127	0.0013	6.8072	0.0029	0	0
Image_337	7.4549	0.0013	7.4503	0.0022	0	0
Image_337	6.2034	0.0013	6.199	0.0021	0	0
Image_342	4.2821	0.0013	4.2783	0.0008	0	0
Image_342	4.1416	0.0013	4.138	0.0008	0	0
Image_342	4.064	0.0013	4.0574	0.0038	0	0
Image_342	4.0409	0.0013	4.0377	0.0008	0	0
Image_342	4.8967	0.0013	4.8874	0.0061	0	0
Image_342	4.8792	0.0013	4.8746	0.0013	0	0
Image_342	1.8145	0.0013	1.8118	0.0008	0	0
Image_342	5.0614	0.0013	5.0578	0.0008	0	0
Image_342	5.1113	0.0013	5.1044	0.0042	0	0
Image_342	4.2703	0.0013	4.2666	0.0008	0	0
Image_342	4.2825	0.0013	4.275	0.0046	0	0
Image_342	0.2227	0.0013	0.22	0.0008	0	0
Image_342	4.2896	0.0013	4.2857	0.0008	0	0
Image_342	4.8026	0.0013	4.7934	0.0061	0	0
Image_342	4.231	0.0014	4.227	0.0012	0	0
Image_342	5.1188	0.0013	5.1135	0.0027	0	0
Image_342	0.223	0.0013	0.2204	0.0008	0	0
Image_342	1.8201	0.0012	1.8152	0.0031	0	0
Image_342	4.2647	0.0012	4.2586	0.0032	0	0
Image_342	4.6265	0.0013	4.6217	0.0023	0	0
Image_409	4.2694	0.0013	4.2642	0.0021	0	0
Image_409	0.2432	0.0013	0.2383	0.0028	0	0
Image_409	4.3259	0.0013	4.3191	0.0047	0	0
Image_409	6.4792	0.0013	6.4701	0.0065	0	0
Image_409	4.2934	0.0013	4.2888	0.0017	0	0
Image_409	0.2311	0.0013	0.2278	0.0013	0	0
Image_409	4.2096	0.0013	4.2028	0.0039	0	0
Image_409	0.2312	0.0013	0.2279	0.0013	0	0
Image_409	4.2815	0.0013	4.2769	0.0017	0	0
Image_409	5.0545	0.0013	5.049	0.0025	0	0
Image_409	4.2681	0.0013	4.2624	0.0022	0	0
Image_409	4.2976	0.0013	4.2756	0.0191	0	0
Image_409	4.2715	0.0013	4.2655	0.0032	0	0
Image_409	4.2893	0.0013	4.2844	0.0018	0	0
Image_409	4.2965	0.0013	4.2915	0.0017	0	0
Image_409	1.8075	0.0013	1.8041	0.0013	0	0
Image_409	2.7744	0.0014	2.761	0.0112	0	0
Image_409	6.5411	0.0013	6.5366	0.0021	0	0
Image_409	4.261	0.0013	4.2568	0.0013	0	0
Image_409	4.8937	0.0013	4.8863	0.0044	0	0
Image_411	4.3046	0.0013	4.2975	0.0042	0	0
Image_411	6.6286	0.0013	6.625	0.0017	0	0
Image_411	2.7671	0.0013	2.7636	0.0016	0	0
Image_411	1.8208	0.0013	1.8169	0.0019	0	0
Image_411	1.8073	0.0013	1.8042	0.0012	0	0
Image_411	4.2085	0.0013	4.2039	0.0016	0	0
Image_411	4.337	0.0013	4.3332	0.0012	0	0
Image_411	6.4652	0.0013	6.462	0.0008	0	0
Image_411	4.2661	0.0013	4.2625	0.0008	0	0
Image_411	3.0507	0.0013	3.0479	0.0008	0	0
Image_411	6.2033	0.0013	6.1961	0.0049	0	0
Image_411	4.1747	0.0014	4.1699	0.0016	0	0
Image_411	3.0447	0.0012	3.042	0.0007	0	0
Image_411	4.799	0.0012	4.7934	0.0027	0	0
Image_411	1.8175	0.0013	1.8144	0.0011	0	0
Image_411	4.617	0.0013	4.6105	0.0042	0	0
Image_411	4.2571	0.0013	4.2472	0.0071	0	0
Image_411	1.8293	0.0013	1.8257	0.0012	0	0
Image_411	0.2298	0.0013	0.2224	0.0056	0	0
Image_411	5.7456	0.0012	5.739	0.0042	0	0
Image_424	4.1783	0.0013	4.173	0.002	0	0
Image_424	4.166	0.0013	4.1597	0.0032	0	0
Image_424	7.4516	0.0013	7.4475	0.002	0	0
Image_424	0.2438	0.0013	0.238	0.0038	0	0
Image_424	4.7941	0.0013	4.7893	0.002	0	0
Image_424	5.7306	0.0012	5.7244	0.0035	0	0
Image_424	4.2576	0.0013	4.2502	0.0042	0	0
Image_424	6.5612	0.0013	6.5525	0.0064	0	0
Image_424	0.2407	0.0013	0.2349	0.0038	0	0
Image_424	1.8361	0.0013	1.8322	0.0016	0	0
Image_424	1.8159	0.0013	1.8108	0.0031	0	0
Image_424	5.1113	0.0013	5.1074	0.0012	0	0
Image_424	4.8937	0.0012	4.8871	0.0035	0	0
Image_424	0.2245	0.0013	0.2213	0.0012	0	0
Image_424	2.778	0.0013	2.7651	0.0108	0	0
Image_424	3.0476	0.0013	3.0438	0.0016	0	0
Image_424	6.4675	0.0013	6.4604	0.0045	0	0
Image_424	0.233	0.0013	0.2298	0.0012	0	0
Image_424	0.2286	0.0012	0.2228	0.0039	0	0
Image_424	0.2284	0.0012	0.2227	0.0038	0	0
Image_618	4.3366	0.0013	4.3333	0	0	0
Image_618	1.84	0.0013	1.8358	0	0	0
Image_618	5.8257	0.0015	5.8183	0	0	0
Image_618	4.3193	0.0013	4.315	0	0	0
Image_618	5.0359	0.0013	5.0319	0	0	0
Image_618	4.7214	0.0013	4.7173	0	0	0
Image_618	2.7246	0.0013	2.7213	0	0	0
Image_618	2.9947	0.0012	2.9913	0	0	0
Image_618	4.2393	0.0013	4.235	0	0	0
Image_618	4.1668	0.0013	4.1626	0	0	0
Image_618	0.2283	0.0013	0.2251	0.0014	0	0
Image_618	4.1548	0.0013	4.1509	0.001	0	0
Image_618	0.2482	0.0013	0.2453	0.001	0	0
Image_618	0.2256	0.0013	0.2224	0.0014	0	0
Image_618	4.3161	0.0013	4.3119	0	0	0
Image_618	4.126	0.0013	4.122	0	0	0
Image_618	5.1035	0.0013	5.0997	0	0	0
Image_618	4.8559	0.0013	4.8516	0	0	0
Image_618	3.042	0.0013	3.0385	0	0	0
Image_618	1.8245	0.0013	1.821	0	0	0
Image_711	0.2441	0.0013	0.2391	0.0031	0	0
Image_711	4.1001	0.0013	4.0954	0.0024	0	0
Image_711	4.2616	0.0013	4.2538	0.0049	0	0
Image_711	4.2476	0.0013	4.2439	0.0008	0	0
Image_711	4.334	0.0013	4.3289	0.002	0	0
Image_711	4.2424	0.0013	4.2364	0.0032	0	0
Image_711	6.3353	0.0013	6.3319	0.0009	0	0
Image_711	4.8937	0.0013	4.8897	0.0009	0	0
Image_711	4.1364	0.0012	4.1323	0.0012	0	0
Image_711	4.6248	0.0013	4.6205	0.002	0	0
Image_711	4.3009	0.0013	4.2961	0.002	0	0
Image_711	4.2441	0.0013	4.2402	0.0009	0	0
Image_711	0.2254	0.0013	0.2227	0.0008	0	0
Image_711	5.0556	0.0013	5.0507	0.0024	0	0
Image_711	3.0522	0.0013	3.043	0.0072	0	0
Image_711	0.2402	0.0013	0.2334	0.0049	0	0
Image_711	4.2573	0.0013	4.2536	0.0008	0	0
Image_711	0.2419	0.0013	0.2391	0.0009	0	0
Image_711	0.2505	0.0012	0.2479	0.0008	0	0
Image_711	7.5064	0.0013	7.4924	0	0	0
Image_713	0.24	0.0013	0.2356	0.0024	0	0
Image_713	0.2371	0.0013	0.2316	0.0035	0	0
Image_713	4.0575	0.0013	4.0529	0.0016	0	0
Image_713	2.773	0.0013	2.7681	0.0028	0	0
Image_713	2.7657	0.0013	2.762	0.0016	0	0
Image_713	4.6251	0.0013	4.621	0.0017	0	0
Image_713	0.2224	0.0013	0.2162	0.0042	0	0
Image_713	1.8379	0.0013	1.8335	0.002	0	0
Image_713	3.0451	0.0013	3.0409	0.002	0	0
Image_713	5.7408	0.0013	5.7349	0.0031	0	0
Image_713	1.8322	0.0013	1.8278	0.002	0	0
Image_713	4.8852	0.0012	4.8769	0.0055	0	0
Image_713	3.0453	0.0013	3.0402	0.0028	0	0
Image_713	0.2315	0.0013	0.2238	0.0057	0	0
Image_713	6.2035	0.0013	6.198	0.0032	0	0
Image_713	5.4912	0.0013	5.4845	0.0046	0	0
Image_713	4.3976	0.0013	4.3899	0.0046	0	0
Image_713	1.8219	0.0013	1.8164	0.0035	0	0
Image_713	6.4877	0.0013	6.479	0.0061	0	0
Image_713	4.1821	0.0014	4.1764	0.0028	0	0
Image_852	4.2842	0.0013	4.2775	0.0038	0	0
Image_852	2.7689	0.0012	2.7618	0.0053	0	0
Image_852	2.7634	0.0013	2.7608	0.0007	0	0
Image_852	4.2904	0.0013	4.2822	0.0053	0	0
Image_852	4.3806	0.0013	4.3743	0.0033	0	0
Image_852	1.8235	0.0014	1.8197	0.0015	0	0
Image_852	1.8176	0.0012	1.8132	0.0015	0	0
Image_852	4.3837	0.0013	4.377	0.0037	0	0
Image_852	4.3415	0.0013	4.3334	0.0061	0	0
Image_852	4.6316	0.0013	4.6207	0	0	0
Image_852	1.8354	0.0013	1.8313	0.0019	0	0
Image_852	4.0612	0.0013	4.0576	0.0008	0	0
Image_852	4.8747	0.0013	4.8707	0.0008	0	0
Image_852	5.0643	0.0013	5.0582	0.0034	0	0
Image_852	6.554	0.0013	6.5478	0.0042	0	0
Image_852	5.486	0.0013	5.4826	0.0015	0	0
Image_852	4.1319	0.0013	4.1268	0.0023	0	0
Image_852	4.2935	0.0013	4.2883	0.0023	0	0
Image_852	4.2441	0.0013	4.2384	0.0027	0	0
Image_852	4.3914	0.0013	4.3876	0.0008	0	0
Image_862	4.1165	0.0013	4.1073	0.0068	0	0
Image_862	1.8293	0.0013	1.8236	0.0032	0	0
Image_862	6.6229	0.0013	6.6185	0.0022	0	0
Image_862	5.0769	0.0013	5.0686	0.0058	0	0
Image_862	0.2445	0.0013	0.2389	0.0035	0	0
Image_862	4.2372	0.0013	4.2312	0.0032	0	0
Image_862	5.0688	0.0013	5.0601	0.0059	0	0
Image_862	4.1198	0.0013	4.1105	0.0069	0	0
Image_862	0.2255	0.0013	0.2215	0.002	0	0
Image_862	4.625	0.0013	4.6211	0.0017	0	0
Image_862	4.8766	0.0013	4.8705	0.003	0	0
Image_862	5.1237	0.0012	5.1164	0.0047	0	0
Image_862	6.8083	0.0013	6.8025	0.0032	0	0
Image_862	1.814	0.0013	1.807	0.0049	0	0
Image_862	4.2572	0.0013	4.2521	0.0021	0	0
Image_862	1.8116	0.0013	1.8079	0.0017	0	0
Image_862	4.8856	0.0013	4.8795	0.0032	0	0
Image_862	6.8066	0.0013	6.8009	0.0032	0	0
Image_862	5.0679	0.0013	5.0593	0.0058	0	0
Image_862	4.2397	0.0013	4.233	0.0036	0	0
Image_972	7.4974	0.0013	7.4901	0.005	0	0
Image_972	4.2588	0.0013	4.2528	0.0031	0	0
Image_972	4.89	0.0013	4.8847	0.002	0	0
Image_972	4.1736	0.0013	4.1674	0.0033	0	0
Image_972	0.2483	0.0014	0.2447	0.0015	0	0
Image_972	4.291	0.0013	4.2861	0.002	0	0
Image_972	3.0412	0.0013	3.0379	0.0011	0	0
Image_972	0.2222	0.0012	0.2192	0.0011	0	0
Image_972	4.3319	0.0013	4.3246	0.0052	0	0
Image_972	3.0445	0.0013	3.0401	0.0023	0	0
Image_972	0.2185	0.0013	0.2149	0.0015	0	0
Image_972	0.2371	0.0013	0.2337	0.0015	0	0
Image_972	0.2381	0.0014	0.2345	0.0015	0	0
Image_972	4.39	0.0013	4.384	0.0031	0	0
Image_972	4.1149	0.0013	4.1084	0.0041	0	0
Image_972	6.5519	0.0012	6.5446	0.0052	0	0
Image_972	3.0399	0.0013	3.0354	0.0023	0	0
Image_972	7.4919	0.0013	7.4847	0.005	0	0
Image_972	6.5446	0.0012	6.5363	0.0062	0	0
Image_972	0.2364	0.0013	0.2329	0.0015	0	0
Image_972_1	1.8333	0.0013	1.826	0.0052	0	0
Image_972_1	5.056	0.0013	5.0514	0.002	0	0
Image_972_1	1.8349	0.0013	1.8274	0.0053	0	0
Image_972_1	4.332	0.0013	4.3267	0.0024	0	0
Image_972_1	4.2598	0.0013	4.2542	0.0027	0	0
Image_972_1	4.4562	0.0013	4.4489	0.0042	0	0
Image_972_1	5.1049	0.0012	5.1001	0.0016	0	0
Image_972_1	5.2871	0.0013	5.283	0.0012	0	0
Image_972_1	4.6284	0.0013	4.621	0.0053	0	0
Image_972_1	0.233	0.0013	0.2274	0.0038	0	0
Image_972_1	5.1116	0.0013	5.1041	0.0048	0	0
Image_972_1	7.4958	0.0014	7.49	0.0035	0	0
Image_972_1	6.8128	0.0013	6.8087	0.0016	0	0
Image_972_1	4.8965	0.0012	4.892	0.0012	0	0
Image_972_1	4.0697	0.0013	4.0584	0.0083	0	0
Image_972_1	4.7901	0.0012	4.7858	0.0016	0	0
Image_972_1	4.3945	0.0013	4.3859	0.0057	0	0
Image_972_1	6.4681	0.0013	6.4646	0.0012	0	0
Image_972_1	5.5071	0.0013	5.4942	0	0	0
Image_972_1	6.5477	0.0013	6.5445	0.0012	0	0
Image_972_2	5.4972	0.0013	5.4884	0.0068	0	0
Image_972_2	2.7804	0.0013	2.7678	0.0105	0	0
Image_972_2	4.3293	0.0013	4.3254	0.0019	0	0
Image_972_2	4.2835	0.0013	4.2786	0.002	0	0
Image_972_2	4.1742	0.0013	4.1706	0.0008	0	0
Image_972_2	2.7675	0.0013	2.7594	0.0061	0	0
Image_972_2	0.226	0.0013	0.2206	0.0035	0	0
Image_972_2	5.1032	0.0013	5.0971	0.0031	0	0
Image_972_2	5.0517	0.0013	5.0411	0.008	0	0
Image_972_2	4.143	0.0012	4.1381	0.002	0	0
Image_972_2	4.904	0.0013	4.8978	0.0031	0	0
Image_972_2	1.8364	0.0013	1.829	0.0053	0	0
Image_972_2	5.101	0.0013	5.0952	0.0031	0	0
Image_972_2	6.2042	0.0013	6.1978	0.0042	0	0
Image_972_2	6.3395	0.0013	6.3325	0.0046	0	0
Image_972_2	1.8109	0.0013	1.8065	0.0025	0	0
Image_972_2	4.3733	0.0013	4.3673	0.0031	0	0
Image_972_2	0.2497	0.0013	0.247	0.0008	0	0
Image_972_2	4.1398	0.0013	4.1349	0.002	0	0
Image_972_2	0.2243	0.0013	0.2204	0.002	0	0
Image_972_3	4.1415	0.0013	4.1351	0.0038	0	0
Image_972_3	3.0518	0.0013	3.0487	0.0012	0	0
Image_972_3	2.7673	0.0013	2.7608	0.0045	0	0
Image_972_3	4.2729	0.0013	4.2691	0.0008	0	0
Image_972_3	4.6232	0.0013	4.6182	0.0027	0	0
Image_972_3	2.77	0.0012	2.7636	0.0045	0	0
Image_972_3	4.0539	0.0013	4.0492	0.0019	0	0
Image_972_3	1.8304	0.0013	1.8248	0.0034	0	0
Image_972_3	5.1241	0.0013	5.1207	0.0008	0	0
Image_972_3	4.4529	0.0012	4.4491	0.0008	0	0
Image_972_3	0.2174	0.0013	0.2132	0.0023	0	0
Image_972_3	4.4559	0.0013	4.4521	0.0008	0	0
Image_972_3	2.7733	0.0013	2.7667	0.0046	0	0
Image_972_3	4.2663	0.0013	4.2606	0.0027	0	0
Image_972_3	4.8795	0.0013	4.8682	0.0079	0	0
Image_972_3	6.815	0.0013	6.8116	0.0011	0	0
Image_972_3	5.1084	0.0012	5.1051	0.0008	0	0
Image_972_3	4.8903	0.0013	4.8843	0.0031	0	0
Image_972_3	4.2097	0.0012	4.2058	0.0012	0	0
Image_972_3	4.246	0.0013	4.2379	0.0053	0	0
Image_974	0.2181	0.0013	0.2153	0.0008	0	0
Image_974	0.2262	0.0013	0.2217	0.0027	0	0
Image_974	4.2741	0.0013	4.2684	0.0027	0	0
Image_974	5.1121	0.0013	5.1073	0.0023	0	0
Image_974	0.2242	0.0013	0.2208	0.0016	0	0
Image_974	0.2183	0.0013	0.2155	0.0008	0	0
Image_974	4.2905	0.0013	4.2859	0.0016	0	0
Image_974	3.041	0.0013	3.037	0.0019	0	0
Image_974	0.2419	0.0013	0.2387	0.0012	0	0
Image_974	4.2646	0.0012	4.2573	0.0045	0	0
Image_974	1.8351	0.0013	1.8309	0.0019	0	0
Image_974	1.8344	0.0013	1.8296	0.0027	0	0
Image_974	6.2119	0.0013	6.2082	0.0016	0	0
Image_974	5.1116	0.0012	5.1058	0.0031	0	0
Image_974	6.5436	0.0013	6.539	0.0027	0	0
Image_974	0.242	0.0012	0.2389	0.0012	0	0
Image_974	4.3026	0.0013	4.2967	0.0028	0	0
Image_974	5.4979	0.0013	5.4914	0.0046	0	0
Image_974	1.8189	0.0013	1.8124	0.0044	0	0
Image_974	0.2179	0.0013	0.2152	0.0008	0	0
Image_975	4.05	0.0013	4.0461	0.0017	0	0
Image_975	1.8169	0.0013	1.8104	0.0045	0	0
Image_975	4.1413	0.0013	4.1356	0.0029	0	0
Image_975	7.501	0.0013	7.4934	0.0055	0	0
Image_975	0.2325	0.0013	0.2285	0.002	0	0
Image_975	4.0437	0.0013	4.0394	0.0018	0	0
Image_975	4.9049	0.0013	4.8974	0.0043	0	0
Image_975	4.7954	0.0013	4.791	0.0017	0	0
Image_975	1.8254	0.0012	1.8224	0.0009	0	0
Image_975	4.3349	0.0012	4.3299	0.002	0	0
Image_975	1.8237	0.0013	1.8205	0.0009	0	0
Image_975	4.3371	0.0013	4.3259	0.0091	0	0
Image_975	0.2194	0.0013	0.2154	0.0021	0	0
Image_975	0.2272	0.0013	0.2237	0.0017	0	0
Image_975	2.7695	0.0013	2.7665	0.0009	0	0
Image_975	5.7422	0.0013	5.7335	0.006	0	0
Image_975	3.0488	0.0013	3.0448	0.002	0	0
Image_975	6.6252	0.0015	6.621	0.0018	0	0
Image_975	4.2946	0.0013	4.2878	0.0039	0	0
Image_975	7.4457	0.0013	7.4415	0.0021	0	0
Image_975_1	1.8243	0.0013	1.8199	0.0024	0	0
Image_975_1	6.9363	0.0014	6.9325	0.0011	0	0
Image_975_1	4.3145	0.0012	4.3106	0.0011	0	0
Image_975_1	4.3085	0.0013	4.3051	0.0007	0	0
Image_975_1	4.3276	0.0013	4.3222	0.0026	0	0
Image_975_1	4.3185	0.0013	4.3116	0	0	0
Image_975_1	1.8896	0.0012	1.8849	0.0026	0	0
Image_975_1	0.2359	0.0013	0.233	0.001	0	0
Image_975_1	4.2638	0.0014	4.2601	0.0007	0	0
Image_975_1	6.4984	0.0013	6.4939	0.0011	0	0
Image_975_1	4.7309	0.0013	4.7241	0.0038	0	0
Image_975_1	6.8321	0.0013	6.8282	0.0016	0	0
Image_975_1	5.6079	0.0013	5.6018	0	0	0
Image_975_1	5.3808	0.0013	5.3742	0.0037	0	0
Image_975_1	4.4531	0.0013	4.4463	0.0037	0	0
Image_975_1	4.4035	0.0013	4.3975	0.0041	0	0
Image_975_1	5.2484	0.0013	5.2423	0.0033	0	0
Image_975_1	5.1256	0.0013	5.1223	0.0007	0	0
Image_975_1	4.4798	0.0012	4.4737	0.003	0	0
Image_975_1	5.7594	0.0013	5.753	0	0	0
Image_975_2	1.8151	0.0013	1.8108	0.0024	0	0
Image_975_2	7.5911	0.0013	7.5873	0.0015	0	0
Image_975_2	1.8663	0.0013	1.8618	0.0023	0	0
Image_975_2	5.4994	0.0013	5.4937	0.0023	0	0
Image_975_2	4.103	0.0013	4.0972	0.0034	0	0
Image_975_2	7.6683	0.0013	7.66	0	0	0
Image_975_2	4.3861	0.0013	4.377	0	0	0
Image_975_2	6.7638	0.0013	6.7606	0.0011	0	0
Image_975_2	6.5562	0.0013	6.5528	0.0011	0	0
Image_975_2	3.1514	0.0014	3.1433	0	0	0
Image_975_2	0.2347	0.0013	0.2312	0.0015	0	0
Image_975_2	1.8704	0.0013	1.8668	0.0015	0	0
Image_975_2	0.2299	0.0014	0.2264	0.0015	0	0
Image_975_2	6.4085	0.0013	6.4002	0	0	0
Image_975_2	2.8023	0.0013	2.7971	0.003	0	0
Image_975_2	0.2403	0.0013	0.2366	0.0018	0	0
Image_975_2	4.2805	0.0013	4.277	0.0008	0	0
Image_975_2	0.2529	0.0013	0.2486	0.0023	0	0
Image_975_2	0.2442	0.0013	0.241	0.0012	0	0
Image_975_2	1.861	0.0013	1.8566	0.0022	0	0
Image_975_3	0.237	0.0013	0.2337	0.0014	0	0
Image_975_3	0.2548	0.0013	0.2518	0.0011	0	0
Image_975_3	7.5225	0.0013	7.5179	0	0	0
Image_975_3	4.278	0.0012	4.2733	0	0	0
Image_975_3	0.2395	0.0013	0.2366	0.001	0	0
Image_975_3	6.5419	0.0013	6.5389	0.0007	0	0
Image_975_3	4.0978	0.0013	4.0944	0.0007	0	0
Image_975_3	3.0681	0.0013	3.0652	0.0006	0	0
Image_975_3	4.2565	0.0013	4.2517	0.0018	0	0
Image_975_3	6.8729	0.0013	6.8681	0	0	0
Image_975_3	4.4425	0.0013	4.438	0.0015	0	0
Image_975_3	4.3206	0.0013	4.3156	0	0	0
Image_975_3	4.4425	0.0013	4.4381	0	0	0
Image_975_3	4.3497	0.0014	4.3444	0	0	0
Image_975_3	5.6896	0.0013	5.687	0.0007	0	0
Image_975_3	4.4087	0.0014	4.4048	0.0007	0	0
Image_975_3	5.8208	0.0013	5.8162	0	0	0
Image_975_3	5.577	0.0013	5.5743	0.0007	0	0
Image_975_3	4.8938	0.0013	4.8887	0	0	0
Image_975_3	4.2205	0.0013	4.217	0.0007	0	0
Image_997	0.2406	0.0013	0.2329	0.0058	0	0
Image_997	1.8668	0.0013	1.8593	0.0052	0	0
Image_997	7.5353	0.0012	7.5304	0.0026	0	0
Image_997	0.2335	0.0014	0.2282	0.003	0	0
Image_997	4.2646	0.0013	4.2584	0.003	0	0
Image_997	4.36	0.0013	4.3531	0.0038	0	0
Image_997	4.9539	0.0013	4.9458	0.0049	0	0
Image_997	6.4177	0.0012	6.4077	0.0078	0	0
Image_997	5.1264	0.0013	5.1214	0.0022	0	0
Image_997	6.519	0.0013	6.5146	0.0018	0	0
Image_997	4.3806	0.0013	4.3717	0.0067	0	0
Image_997	4.6782	0.0013	4.6736	0.0022	0	0
Image_997	4.2305	0.0013	4.2264	0.001	0	0
Image_997	4.3398	0.0013	4.3348	0.0019	0	0
Image_997	5.0683	0.0013	5.0641	0.0014	0	0
Image_997	5.3091	0.0013	5.3039	0.0023	0	0
Image_997	6.3198	0.0012	6.3098	0.0077	0	0
Image_997	0.2284	0.0013	0.2235	0.0029	0	0
Image_997	5.6783	0.0013	5.6736	0.0025	0	0
Image_997	4.1449	0.0013	4.1389	0.003	0	0
Image_1060	4.1507	0.0013	4.1447	0.0031	0	0
Image_1060	0.218	0.0013	0.2145	0.0016	0	0
Image_1060	4.0679	0.0013	4.0626	0.0024	0	0
Image_1060	6.6256	0.0012	6.6229	0.0008	0	0
Image_1060	5.3004	0.0013	5.2943	0.0032	0	0
Image_1060	1.8119	0.0013	1.8089	0.001	0	0
Image_1060	4.2886	0.0013	4.2815	0.0043	0	0
Image_1060	0.2286	0.0013	0.2247	0.002	0	0
Image_1060	4.0534	0.0012	4.0478	0.0032	0	0
Image_1060	1.8287	0.0013	1.8256	0.0009	0	0
Image_1060	0.2513	0.0013	0.2486	0.0008	0	0
Image_1060	4.3463	0.0013	4.3314	0	0	0
Image_1060	4.0619	0.0013	4.0564	0.0032	0	0
Image_1060	6.4796	0.0013	6.4742	0.0028	0	0
Image_1060	0.2185	0.0012	0.2152	0.0016	0	0
Image_1060	0.2326	0.0013	0.2295	0.0012	0	0
Image_1060	1.8325	0.0012	1.8287	0.0017	0	0
Image_1060	0.2255	0.0013	0.2226	0.0009	0	0
Image_1060	1.8227	0.0012	1.815	0.0057	0	0
Image_1060	0.2273	0.0012	0.2234	0.002	0	0
Image_1079	3.049	0.0013	3.0441	0.0029	0	0
Image_1079	4.1225	0.0013	4.1095	0.0107	0	0
Image_1079	1.8818	0.0013	1.873	0.0063	0	0
Image_1079	0.2383	0.0012	0.235	0.0014	0	0
Image_1079	3.0549	0.0012	3.0421	0.0107	0	0
Image_1079	4.1524	0.0013	4.1463	0.003	0	0
Image_1079	6.553	0.0013	6.546	0.0048	0	0
Image_1079	0.2429	0.0013	0.2396	0.0014	0	0
Image_1079	4.3877	0.0013	4.3787	0.0063	0	0
Image_1079	4.2615	0.0013	4.2575	0.0011	0	0
Image_1079	7.4628	0.0013	7.4538	0.0068	0	0
Image_1079	1.827	0.0013	1.8188	0.0061	0	0
Image_1079	5.0661	0.0013	5.0624	0.0011	0	0
Image_1079	6.2177	0.0013	6.2139	0.0015	0	0
Image_1079	4.2859	0.0013	4.2813	0.0015	0	0
Image_1079	4.0579	0.0013	4.0533	0.0022	0	0
Image_1079	1.8094	0.0012	1.8047	0.0027	0	0
Image_1079	2.775	0.0013	2.7645	0.0085	0	0
Image_1079	6.3231	0.0013	6.318	0.003	0	0
Image_1079	2.7832	0.0012	2.7705	0.0107	0	0
Image_1079_1	4.8889	0.0014	4.8836	0.002	0	0
Image_1079_1	4.3766	0.0013	4.3709	0.0027	0	0
Image_1079_1	0.2248	0.0013	0.2209	0.002	0	0
Image_1079_1	4.2223	0.0013	4.2171	0.0024	0	0
Image_1079_1	4.1481	0.0013	4.1418	0.0035	0	0
Image_1079_1	2.7686	0.0013	2.7652	0.0016	0	0
Image_1079_1	2.7602	0.0012	2.7576	0.0008	0	0
Image_1079_1	5.4971	0.0012	5.4868	0.0083	0	0
Image_1079_1	5.1316	0.0013	5.1265	0.0024	0	0
Image_1079_1	2.7769	0.0012	2.7734	0.0016	0	0
Image_1079_1	4.9006	0.0013	4.8956	0.002	0	0
Image_1079_1	0.2366	0.0013	0.2332	0.0016	0	0
Image_1079_1	5.5001	0.0013	5.4897	0.0083	0	0
Image_1079_1	5.5055	0.0013	5.4953	0.0083	0	0
Image_1079_1	1.8222	0.0013	1.8138	0.0063	0	0
Image_1079_1	5.7545	0.0013	5.7511	0.0009	0	0
Image_1079_1	6.3429	0.0013	6.3373	0.0031	0	0
Image_1079_1	4.4547	0.0012	4.4486	0.0031	0	0
Image_1079_1	4.1469	0.0013	4.1404	0.0036	0	0
Image_1079_1	5.0818	0.0013	5.0724	0.0069	0	0
Image_1079_2	4.2659	0.0013	4.2607	0.0024	0	0
Image_1079_2	5.6835	0.0013	5.6792	0.002	0	0
Image_1079_2	1.8257	0.0013	1.8188	0.005	0	0
Image_1079_2	4.4008	0.0013	4.3933	0.0046	0	0
Image_1079_2	5.0685	0.0012	5.0639	0.002	0	0
Image_1079_2	4.1405	0.0013	4.1341	0.0035	0	0
Image_1079_2	4.9034	0.0013	4.8989	0.0013	0	0
Image_1079_2	2.7724	0.0013	2.7681	0.0024	0	0
Image_1079_2	4.0555	0.0012	4.0458	0.0075	0	0
Image_1079_2	6.334	0.0013	6.3197	0	0	0
Image_1079_2	4.296	0.0013	4.2891	0.0039	0	0
Image_1079_2	4.8073	0.0013	4.7991	0.0053	0	0
Image_1079_2	5.1098	0.0013	5.1026	0.0043	0	0
Image_1079_2	4.2805	0.0013	4.2761	0.0013	0	0
Image_1079_2	0.2268	0.0012	0.2238	0.0012	0	0
Image_1079_2	6.8153	0.0013	6.81	0.0027	0	0
Image_1079_2	0.2158	0.0013	0.2131	0.0008	0	0
Image_1079_2	1.8315	0.0012	1.8263	0.0031	0	0
Image_1079_2	4.1802	0.0013	4.1749	0.0024	0	0
Image_1079_2	1.8293	0.0013	1.824	0.0031	0	0
Image_1080	4.26	0.0013	4.2526	0.0043	0	0
Image_1080	0.2383	0.0013	0.2336	0.0027	0	0
Image_1080	2.769	0.0013	2.7636	0.0034	0	0
Image_1080	5.1045	0.0012	5.0978	0.0038	0	0
Image_1080	4.354	0.0013	4.3464	0.0046	0	0
Image_1080	1.8364	0.0013	1.8311	0.003	0	0
Image_1080	5.1136	0.0013	5.1058	0.0038	0	0
Image_1080	4.4623	0.0013	4.457	0.002	0	0
Image_1080	0.2247	0.0013	0.2216	0.0011	0	0
Image_1080	4.0608	0.0013	4.0514	0.0071	0	0
Image_1080	3.0491	0.0013	3.0459	0.0011	0	0
Image_1080	1.8089	0.0013	1.8045	0.0023	0	0
Image_1080	5.1221	0.0013	5.1163	0.0031	0	0
Image_1080	0.2511	0.0013	0.2478	0.0012	0	0
Image_1080	2.78	0.0013	2.7671	0.0108	0	0
Image_1080	6.8135	0.0013	6.8044	0.0065	0	0
Image_1080	1.8221	0.0013	1.8176	0.0023	0	0
Image_1080	5.4234	0.0012	5.4185	0.002	0	0
Image_1080	3.0421	0.0013	3.0387	0.0011	0	0
Image_1080	7.7946	0.0013	7.786	0.0063	0	0
Image_1094	5.517	0.0013	5.5078	0.0071	0	0
Image_1094	7.5104	0.0012	7.5041	0.0042	0	0
Image_1094	4.8817	0.0013	4.8745	0.0041	0	0
Image_1094	4.2739	0.0013	4.2697	0.0012	0	0
Image_1094	59.3125	0.0013	59.3042	0.0048	0	0
Image_1094	4.7977	0.0014	4.792	0.0023	0	0
Image_1094	5.1096	0.0013	5.1055	0.0012	0	0
Image_1094	4.2911	0.0013	4.2832	0.0049	0	0
Image_1094	3.05	0.0012	3.0465	0.0015	0	0
Image_1094	4.2513	0.0013	4.2437	0.0046	0	0
Image_1094	5.0592	0.0013	5.055	0.0012	0	0
Image_1094	4.115	0.0013	4.1084	0.0041	0	0
Image_1094	2.7696	0.0013	2.766	0.0015	0	0
Image_1094	0.2372	0.0013	0.2338	0.0015	0	0
Image_1094	0.2431	0.0013	0.2393	0.0019	0	0
Image_1094	4.275	0.0013	4.2677	0.0042	0	0
Image_1094	0.2514	0.0013	0.2479	0.0015	0	0
Image_1094	4.2259	0.0012	4.2172	0.0057	0	0
Image_1094	0.2182	0.0013	0.2147	0.0015	0	0
Image_1094	0.2524	0.0013	0.2481	0.0024	0	0
Image_1096	4.4512	0.0013	4.4469	0.0012	0	0
Image_1096	0.2421	0.0013	0.2389	0.0012	0	0
Image_1096	0.2191	0.0013	0.2155	0.0016	0	0
Image_1096	4.2753	0.0013	4.2707	0.0016	0	0
Image_1096	4.1419	0.0013	4.1369	0.002	0	0
Image_1096	0.2272	0.0013	0.2235	0.0016	0	0
Image_1096	4.2589	0.0013	4.2546	0.0012	0	0
Image_1096	1.833	0.0013	1.8248	0.0057	0	0
Image_1096	6.2026	0.0012	6.1985	0.002	0	0
Image_1096	1.832	0.0013	1.8231	0.0066	0	0
Image_1096	5.1189	0.0013	5.114	0.0017	0	0
Image_1096	4.3491	0.0012	4.3416	0.0046	0	0
Image_1096	5.1188	0.0013	5.114	0.0016	0	0
Image_1096	4.2167	0.0013	4.2089	0.0046	0	0
Image_1096	1.8172	0.0013	1.811	0.0041	0	0
Image_1096	4.0613	0.0013	4.055	0.0033	0	0
Image_1096	6.8363	0.0013	6.823	0.0107	0	0
Image_1096	6.452	0.0013	6.4479	0.0013	0	0
Image_1096	4.9797	0.0013	4.9685	0.0077	0	0
Image_1096	4.1377	0.0013	4.1342	0.0012	0	0
Image_1098	5.1318	0.0013	5.1275	0.0015	0	0
Image_1098	1.8536	0.0013	1.8476	0.0026	0	0
Image_1098	7.5567	0.0013	7.5508	0.0034	0	0
Image_1098	4.8718	0.0013	4.8639	0.005	0	0
Image_1098	3.0924	0.0013	3.0875	0.0026	0	0
Image_1098	4.4903	0.0013	4.4851	0.0019	0	0
Image_1098	1.8764	0.0013	1.8692	0.0049	0	0
Image_1098	5.3456	0.0014	5.3384	0.0034	0	0
Image_1098	0.2449	0.0013	0.2397	0.0019	0	0
Image_1098	4.3574	0.0013	4.3503	0.0041	0	0
Image_1098	4.3329	0.0013	4.3256	0.0041	0	0
Image_1098	0.2263	0.0013	0.2228	0.0015	0	0
Image_1098	4.1885	0.0013	4.1812	0.0042	0	0
Image_1098	4.2808	0.0013	4.2749	0.0027	0	0
Image_1098	4.2342	0.0013	4.2266	0.0041	0	0
Image_1098	5.3358	0.0012	5.327	0.0047	0	0
Image_1098	2.8388	0.0012	2.8301	0.0064	0	0
Image_1098	4.3751	0.0013	4.3601	0.0127	0	0
Image_1098	5.5757	0.0013	5.5719	0.0015	0	0
Image_1098	0.2554	0.0013	0.2513	0.0019	0	0
Image_1103	7.5333	0.0013	7.5259	0.0053	0	0
Image_1103	4.7115	0.0013	4.7058	0.0034	0	0
Image_1103	4.1193	0.0013	4.1144	0.0019	0	0
Image_1103	5.8188	0.0013	5.81	0.0061	0	0
Image_1103	4.3415	0.0013	4.3303	0.0083	0	0
Image_1103	1.8511	0.0013	1.8474	0.0015	0	0
Image_1103	4.0968	0.0012	4.0872	0.0074	0	0
Image_1103	5.2029	0.0013	5.1985	0.0016	0	0
Image_1103	6.4461	0.0013	6.4385	0.005	0	0
Image_1103	1.8736	0.0014	1.8693	0.0016	0	0
Image_1103	4.3164	0.0013	4.3118	0.0016	0	0
Image_1103	6.426	0.0013	6.4185	0.0049	0	0
Image_1103	6.2595	0.0013	6.2491	0	0	0
Image_1103	5.4961	0.0013	5.491	0.0023	0	0
Image_1103	5.8149	0.0013	5.8063	0.006	0	0
Image_1103	4.3683	0.0013	4.3635	0.0016	0	0
Image_1103	7.5711	0.0013	7.5634	0.0053	0	0
Image_1103	0.2346	0.0013	0.2266	0.006	0	0
Image_1103	4.3178	0.0013	4.3066	0.0082	0	0
Image_1103	4.271	0.0013	4.2606	0.0073	0	0
Image_1104	4.3212	0.0013	4.3156	0.0027	0	0
Image_1104	1.8276	0.0012	1.8209	0.0047	0	0
Image_1104	4.1916	0.0012	4.1844	0.0048	0	0
Image_1104	4.3287	0.0013	4.3234	0.0019	0	0
Image_1104	0.2366	0.0013	0.2302	0.0045	0	0
Image_1104	3.1081	0.0013	3.1046	0.0011	0	0
Image_1104	6.4199	0.0013	6.4161	0.0011	0	0
Image_1104	6.6521	0.0013	6.6479	0.0019	0	0
Image_1104	6.5492	0.0013	6.545	0.0015	0	0
Image_1104	6.6945	0.0012	6.6904	0.0019	0	0
Image_1104	4.6455	0.0013	4.6411	0.0018	0	0
Image_1104	1.8386	0.0013	1.8318	0.0046	0	0
Image_1104	3.0589	0.0013	3.0549	0.0018	0	0
Image_1104	4.3519	0.0013	4.3471	0.0019	0	0
Image_1104	4.2958	0.0013	4.2903	0.0026	0	0
Image_1104	6.3934	0.0013	6.39	0.0011	0	0
Image_1104	5.0798	0.0013	5.0697	0.0074	0	0
Image_1104	0.2255	0.0013	0.2225	0.001	0	0
Image_1104	5.4181	0.0012	5.412	0.003	0	0
Image_1104	4.2806	0.0013	4.2749	0.0026	0	0
Image_1181	4.2562	0.0013	4.2512	0.0017	0	0
Image_1181	4.1156	0.0013	4.1103	0.0029	0	0
Image_1181	4.2014	0.0013	4.194	0.0046	0	0
Image_1181	4.2448	0.0014	4.24	0.0017	0	0
Image_1181	6.2339	0.0013	6.2256	0.0058	0	0
Image_1181	7.6215	0.0012	7.6174	0.0017	0	0
Image_1181	3.1065	0.0013	3.0969	0.0073	0	0
Image_1181	4.4388	0.0013	4.4353	0.0013	0	0
Image_1181	1.8517	0.0013	1.8471	0.0021	0	0
Image_1181	4.4057	0.0013	4.3995	0.0025	0	0
Image_1181	5.6334	0.0014	5.6271	0.0038	0	0
Image_1181	4.1769	0.0013	4.1732	0.0013	0	0
Image_1181	4.3331	0.0013	4.3276	0.0024	0	0
Image_1181	4.9657	0.0012	4.9583	0.0043	0	0
Image_1181	2.8228	0.0013	2.8186	0.0021	0	0
Image_1181	6.8239	0.0013	6.8196	0.0022	0	0
Image_1181	4.3385	0.0013	4.3325	0.0028	0	0
Image_1181	4.3079	0.0012	4.3022	0.0028	0	0
Image_1181	5.5438	0.0013	5.538	0.0035	0	0
Image_1181	3.066	0.0013	3.0566	0.0073	0	0
Image_1225	0.2291	0.0013	0.2257	0.0014	0	0
Image_1225	6.4282	0.0013	6.4201	0.0055	0	0
Image_1225	0.2544	0.0013	0.2512	0.001	0	0
Image_1225	5.5341	0.0013	5.5202	0.0105	0	0
Image_1225	3.078	0.0013	3.0727	0.0029	0	0
Image_1225	4.4304	0.0013	4.4262	0.0011	0	0
Image_1225	5.1984	0.0013	5.1911	0.0045	0	0
Image_1225	1.9091	0.0013	1.9014	0.005	0	0
Image_1225	5.4397	0.0014	5.4337	0.0026	0	0
Image_1225	5.8637	0.0014	5.8594	0.0015	0	0
Image_1225	4.1991	0.0013	4.1947	0.0018	0	0
Image_1225	4.4141	0.0013	4.401	0.0109	0	0
Image_1225	1.8279	0.0013	1.8233	0.0025	0	0
Image_1225	5.5355	0.0012	5.5302	0.0033	0	0
Image_1225	4.9303	0.0013	4.926	0.001	0	0
Image_1225	1.8902	0.0013	1.8856	0.0025	0	0
Image_1225	4.0793	0.0013	4.0692	0.0076	0	0
Image_1225	3.1203	0.0012	3.1168	0.0014	0	0
Image_1225	4.3438	0.0013	4.3385	0.0022	0	0
Image_1225	4.3745	0.0013	4.3685	0.0026	0	0
Image_1263	3.1685	0.0013	3.1631	0.0033	0	0
Image_1263	7.5834	0.0013	7.5795	0.0018	0	0
Image_1263	0.2445	0.0012	0.2405	0.0021	0	0
Image_1263	0.2268	0.0013	0.2218	0.0029	0	0
Image_1263	2.8251	0.0013	2.8177	0.0052	0	0
Image_1263	1.8331	0.0013	1.8298	0.001	0	0
Image_1263	5.7847	0.0013	5.7756	0.007	0	0
Image_1263	6.776	0.0013	6.772	0.0019	0	0
Image_1263	3.1312	0.0013	3.1211	0.0078	0	0
Image_1263	2.8138	0.0013	2.8063	0.0053	0	0
Image_1263	2.8558	0.0013	2.8486	0.0052	0	0
Image_1263	1.897	0.0013	1.8934	0.001	0	0
Image_1263	5.0815	0.0013	5.0774	0.0014	0	0
Image_1263	4.1584	0.0013	4.1537	0.0018	0	0
Image_1263	4.4244	0.0013	4.417	0.004	0	0
Image_1263	4.8172	0.0013	4.8115	0.0025	0	0
Image_1263	6.9224	0.0013	6.9184	0.0014	0	0
Image_1263	4.3738	0.0013	4.3688	0.0022	0	0
Image_1263	6.7637	0.0019	6.7591	0.0019	0	0
Image_1263	4.3389	0.0013	4.3335	0.0021	0	0
Image_1268	0.2346	0.0014	0.2309	0.0014	0	0
Image_1268	4.2754	0.0013	4.2681	0.0039	0	0
Image_1268	0.2338	0.0013	0.2304	0.0014	0	0
Image_1268	7.6557	0.0012	7.6521	0.0014	0	0
Image_1268	4.3666	0.0013	4.3544	0.0086	0	0
Image_1268	4.3328	0.0013	4.3258	0.0041	0	0
Image_1268	4.3667	0.0013	4.3599	0.0034	0	0
Image_1268	4.4686	0.0013	4.4619	0.0037	0	0
Image_1268	4.3196	0.0013	4.3134	0.0033	0	0
Image_1268	5.4678	0.0013	5.4608	0.0037	0	0
Image_1268	5.8538	0.0013	5.8485	0.0025	0	0
Image_1268	4.9937	0.0013	4.9887	0.0014	0	0
Image_1268	4.37	0.0013	4.3583	0.0085	0	0
Image_1268	1.8409	0.0013	1.8373	0.0014	0	0
Image_1268	5.5083	0.0013	5.5052	0.001	0	0
Image_1268	4.2691	0.0013	4.2628	0.0033	0	0
Image_1268	4.1634	0.0013	4.1553	0.0051	0	0
Image_1268	4.2939	0.0013	4.2822	0.0084	0	0
Image_1268	5.1241	0.0013	5.1193	0.0018	0	0
Image_1268	0.2405	0.0013	0.2368	0.0017	0	0
Image_1286	4.4741	0.0013	4.4672	0.0034	0	0
Image_1286	4.2543	0.0013	4.2472	0.0042	0	0
Image_1286	1.8287	0.0012	1.822	0.0049	0	0
Image_1286	4.3433	0.0013	4.3391	0.0012	0	0
Image_1286	4.338	0.0013	4.334	0.0019	0	0
Image_1286	6.4742	0.0013	6.4709	0.0008	0	0
Image_1286	4.8064	0.0013	4.7957	0.0075	0	0
Image_1286	4.2646	0.0012	4.2573	0.0042	0	0
Image_1286	3.0509	0.0013	3.0481	0.0007	0	0
Image_1286	5.4142	0.0013	5.4075	0.0037	0	0
Image_1286	4.8934	0.0012	4.8892	0.0012	0	0
Image_1286	0.2277	0.0012	0.2239	0.0019	0	0
Image_1286	1.8191	0.0013	1.8141	0.003	0	0
Image_1286	6.3453	0.0013	6.342	0.0008	0	0
Image_1286	4.1256	0.0013	4.1194	0.0038	0	0
Image_1286	4.2971	0.0013	4.2932	0.0008	0	0
Image_1286	6.348	0.0013	6.3446	0.0008	0	0
Image_1286	6.8083	0.0013	6.8041	0.0016	0	0
Image_1286	4.1166	0.0013	4.1105	0.0038	0	0
Image_1286	6.5555	0.0013	6.5472	0.0061	0	0
Image_1378	6.4891	0.0013	6.4729	0.0136	0	0
Image_1378	5.071	0.0013	5.0657	0.0024	0	0
Image_1378	4.268	0.0012	4.2641	0.0009	0	0
Image_1378	0.2267	0.0013	0.2233	0.0013	0	0
Image_1378	4.2436	0.0013	4.2377	0.0028	0	0
Image_1378	4.2577	0.0013	4.254	0.0009	0	0
Image_1378	5.4941	0.0013	5.4877	0.0042	0	0
Image_1378	0.2428	0.0013	0.24	0.0009	0	0
Image_1378	4.1762	0.0013	4.1704	0.0032	0	0
Image_1378	5.0724	0.0012	5.0672	0.0025	0	0
Image_1378	1.8407	0.0013	1.8343	0.0039	0	0
Image_1378	6.2183	0.0013	6.2144	0.0016	0	0
Image_1378	4.6425	0.0013	4.6385	0.0013	0	0
Image_1378	6.6632	0.0012	6.6594	0.0018	0	0
Image_1378	0.2252	0.0012	0.2221	0.0013	0	0
Image_1378	4.2573	0.0013	4.2513	0.0029	0	0
Image_1378	6.4922	0.0013	6.476	0.0137	0	0
Image_1378	4.0647	0.0013	4.0569	0.0054	0	0
Image_1378	4.1321	0.0013	4.1254	0.0043	0	0
Image_1378	6.5406	0.0013	6.5311	0.0072	0	0
Image_1379	1.8402	0.0012	1.836	0.002	0	0
Image_1379	0.233	0.0013	0.2299	0.0012	0	0
Image_1379	5.1229	0.0013	5.1172	0.0031	0	0
Image_1379	4.1159	0.0012	4.1122	0.0016	0	0
Image_1379	3.0521	0.0013	3.0456	0.0043	0	0
Image_1379	0.2414	0.0013	0.2383	0.0012	0	0
Image_1379	4.6483	0.0013	4.6351	0.0109	0	0
Image_1379	6.2033	0.0013	6.1971	0.0039	0	0
Image_1379	4.0556	0.0013	4.052	0.0012	0	0
Image_1379	1.8406	0.0013	1.8319	0.0064	0	0
Image_1379	2.7744	0.0012	2.7708	0.0016	0	0
Image_1379	4.4052	0.0013	4.4002	0.002	0	0
Image_1379	6.8203	0.0013	6.8147	0.0031	0	0
Image_1379	4.3473	0.0013	4.3382	0.0061	0	0
Image_1379	5.4945	0.0013	5.4899	0.0024	0	0
Image_1379	4.2731	0.0013	4.268	0.002	0	0
Image_1379	4.7996	0.0013	4.7935	0.0031	0	0
Image_1379	1.8179	0.0013	1.8134	0.0025	0	0
Image_1379	1.8371	0.0013	1.8282	0.0065	0	0
Image_1379	5.4233	0.0013	5.4195	0.0008	0	0
Image_1426	5.0542	0.0013	5.0493	0.0021	0	0
Image_1426	6.3445	0.0012	6.3363	0.0058	0	0
Image_1426	1.8087	0.0013	1.8035	0.003	0	0
Image_1426	7.509	0.0013	7.5056	0.0013	0	0
Image_1426	1.8249	0.0013	1.8195	0.0032	0	0
Image_1426	4.2844	0.0013	4.2722	0.0091	0	0
Image_1426	4.1423	0.0013	4.1327	0.0066	0	0
Image_1426	8.3567	0.0013	8.3515	0.0021	0	0
Image_1426	0.4695	0.0026	0.4591	0.0065	0	0
Image_1426	12.5752	0.0025	12.5582	0.0126	0	0
Image_1426	270.9634	0.0025	270.9533	0.0043	0	0
Image_1426	7.4046	0.0013	7.3994	0.0028	0	0
Image_1426	4.2199	0.0012	4.2148	0.0024	0	0
Image_1426	4.8637	0.0013	4.8541	0.0061	0	0
Image_1426	4.1586	0.0013	4.1512	0.0043	0	0
Image_1426	4.197	0.0013	4.1921	0.0017	0	0
Image_1426	5.0501	0.0013	5.0451	0.0021	0	0
Image_1426	4.367	0.0013	4.3622	0.0014	0	0
Image_1426	4.1344	0.0013	4.1307	0.0013	0	0
Image_1426	5.1067	0.0013	5.1015	0.0021	0	0
Image_2366	4.2166	0.0013	4.2124	0.0014	0	0
Image_2366	4.3486	0.0013	4.3409	0.0055	0	0
Image_2366	6.3585	0.0013	6.344	0.0118	0	0
Image_2366	1.8393	0.0013	1.831	0.006	0	0
Image_2366	4.896	0.0013	4.8907	0.0022	0	0
Image_2366	4.2614	0.0012	4.2571	0.0011	0	0
Image_2366	4.2565	0.0013	4.2512	0.0025	0	0
Image_2366	4.3129	0.0013	4.3059	0.004	0	0
Image_2366	4.3415	0.0013	4.3372	0.0022	0	0
Image_2366	7.5228	0.0013	7.508	0.0126	0	0
Image_2366	4.3349	0.0012	4.3278	0.004	0	0
Image_2366	5.7526	0.0013	5.7488	0.001	0	0
Image_2366	4.2581	0.0013	4.2541	0.001	0	0
Image_2366	5.5333	0.0013	5.5275	0.0036	0	0
Image_2366	5.1634	0.0013	5.1577	0.0026	0	0
Image_2366	4.8749	0.0013	4.8688	0.0033	0	0
Image_2366	4.3189	0.0013	4.3149	0.001	0	0
Image_2366	1.8726	0.0013	1.8644	0.0058	0	0
Image_2366	6.9166	0.0013	6.9125	0.0014	0	0
Image_2366	6.4424	0.0013	6.4279	0.0117	0	0
Image_2366_1	4.5224	0.0012	4.5187	0.0008	0	0
Image_2366_1	1.8283	0.0013	1.8243	0.0019	0	0
Image_2366_1	4.3345	0.0013	4.3297	0.0019	0	0
Image_2366_1	4.2885	0.0013	4.2837	0.002	0	0
Image_2366_1	4.2929	0.0013	4.2868	0.0034	0	0
Image_2366_1	5.8785	0.0013	5.8751	0.0012	0	0
Image_2366_1	6.4436	0.0013	6.4361	0.0053	0	0
Image_2366_1	4.1631	0.0013	4.1568	0.0039	0	0
Image_2366_1	5.8664	0.0013	5.8631	0.0008	0	0
Image_2366_1	4.1042	0.0013	4.1002	0.0008	0	0
Image_2366_1	4.3231	0.0013	4.3183	0.002	0	0
Image_2366_1	4.358	0.0013	4.353	0.002	0	0
Image_2366_1	5.8258	0.0013	5.8224	0.0008	0	0
Image_2366_1	7.5755	0.0014	7.5656	0.0078	0	0
Image_2366_1	5.2458	0.0013	5.2383	0.0048	0	0
Image_2366_1	4.4728	0.0013	4.4689	0.0009	0	0
Image_2366_1	6.4591	0.0012	6.4515	0.0054	0	0
Image_2366_1	4.306	0.0013	4.3004	0.0027	0	0
Image_2366_1	6.4298	0.0014	6.422	0.0053	0	0
Image_2366_1	2.845	0.0013	2.8358	0.007	0	0
Image_2366_2	0.2588	0.0013	0.2525	0.0043	0	0
Image_2366_2	7.6603	0.0013	7.6553	0.0027	0	0
Image_2366_2	4.3493	0.0013	4.3436	0.0028	0	0
Image_2366_2	4.1059	0.0013	4.0997	0.0038	0	0
Image_2366_2	4.2768	0.0013	4.2727	0.0009	0	0
Image_2366_2	1.8614	0.0013	1.8585	0.0009	0	0
Image_2366_2	4.3494	0.0013	4.3451	0.0013	0	0
Image_2366_2	6.5984	0.0013	6.5925	0.0036	0	0
Image_2366_2	5.8232	0.0013	5.8155	0.0051	0	0
Image_2366_2	5.1842	0.0013	5.1785	0.0031	0	0
Image_2366_2	4.3666	0.0013	4.3624	0.0012	0	0
Image_2366_2	4.9378	0.0013	4.9294	0.0053	0	0
Image_2366_2	6.3596	0.0013	6.3471	0	0	0
Image_2366_2	4.3519	0.0013	4.346	0.0031	0	0
Image_2366_2	5.7742	0.0013	5.7667	0.005	0	0
Image_2366_2	0.2555	0.0014	0.2492	0.0042	0	0
Image_2366_2	3.089	0.0013	3.0858	0.0012	0	0
Image_2366_2	0.2241	0.0013	0.2214	0.0008	0	0
Image_2366_2	0.2384	0.0013	0.2343	0.0023	0	0
Image_2366_2	4.6779	0.0013	4.6746	0.0008	0	0
Image_2366_3	4.8601	0.0014	4.856	0.0009	0	0
Image_2366_3	3.1391	0.0013	3.1351	0.0017	0	0
Image_2366_3	1.8593	0.0013	1.8547	0.0026	0	0
Image_2366_3	4.4126	0.0013	4.4027	0.0069	0	0
Image_2366_3	6.5037	0.0013	6.4961	0.0051	0	0
Image_2366_3	5.5053	0.0013	5.4988	0.0036	0	0
Image_2366_3	4.9744	0.0013	4.9702	0.0009	0	0
Image_2366_3	1.8727	0.0012	1.8675	0.0029	0	0
Image_2366_3	7.6169	0.0012	7.6093	0.0054	0	0
Image_2366_3	3.0925	0.0013	3.0883	0.0021	0	0
Image_2366_3	4.8584	0.0013	4.8545	0.0009	0	0
Image_2366_3	0.2395	0.0013	0.2358	0.0017	0	0
Image_2366_3	1.8451	0.0013	1.8379	0.0047	0	0
Image_2366_3	2.8281	0.0013	2.8232	0.0028	0	0
Image_2366_3	1.8721	0.0013	1.8673	0.0027	0	0
Image_2366_3	0.2438	0.0013	0.2409	0.0009	0	0
Image_2366_3	0.2331	0.0013	0.2292	0.002	0	0
Image_2366_3	4.3265	0.0013	4.3193	0.0043	0	0
Image_2366_3	4.2673	0.0013	4.2599	0.0043	0	0
Image_2366_3	5.3264	0.0013	5.3217	0.0018	0	0
tag1	4.37	0.0013	4.3656	0.0016	0	0
tag1	6.6219	0.0013	6.6163	0.0035	0	0
tag1	4.4555	0.0013	4.4491	0.0034	0	0
tag1	0.2238	0.0013	0.2207	0.0011	0	0
tag1	4.2828	0.0014	4.2775	0.0023	0	0
tag1	4.1459	0.0012	4.1427	0.0011	0	0
tag1	4.3356	0.0016	4.3318	0.0008	0	0
tag1	5.757	0.0013	5.7471	0	0	0
tag1	5.2137	0.0013	5.2094	0.0008	0	0
tag1	4.5089	0.0013	4.503	0.0027	0	0
tag1	7.0135	0.0013	7.0096	0.0012	0	0
tag1	6.4055	0.0013	6.4005	0.0016	0	0
tag1	0.2265	0.0012	0.2233	0.0012	0	0
tag1	4.9234	0.0012	4.9187	0.0016	0	0
tag1	7.4708	0.0013	7.4666	0.002	0	0
tag1	4.4052	0.0014	4.4009	0.0023	0	0
tag1	4.9594	0.0013	4.9502	0.0063	0	0
tag1	2.7883	0.0014	2.7833	0.003	0	0
tag1	0.2435	0.0013	0.2406	0.0011	0	0
tag1	5.3823	0.0013	5.3741	0.0053	0	0
tag4	4.3434	0.0013	4.3367	0.0036	0	0
tag4	5.1758	0.0013	5.1661	0.0072	0	0
tag4	1.8421	0.0013	1.8382	0.0014	0	0
tag4	5.7807	0.0013	5.7767	0.0013	0	0
tag4	1.859	0.0013	1.8552	0.0017	0	0
tag4	6.3977	0.0013	6.3921	0.0032	0	0
tag4	4.1643	0.0013	4.1586	0.0032	0	0
tag4	6.9686	0.0013	6.963	0.003	0	0
tag4	4.392	0.0013	4.3874	0.0014	0	0
tag4	4.3951	0.0013	4.3906	0.0017	0	0
tag4	2.8115	0.0013	2.8062	0.0032	0	0
tag4	5.1944	0.0013	5.1879	0.0036	0	0
tag4	5.5714	0.0013	5.5536	0.0158	0	0
tag4	5.2014	0.0013	5.1949	0.0036	0	0
tag4	0.253	0.0013	0.248	0.0029	0	0
tag4	5.4818	0.0013	5.4766	0.0021	0	0
tag4	6.4808	0.0012	6.4767	0.0017	0	0
tag4	1.8329	0.0013	1.8296	0.0011	0	0
tag4	0.2212	0.0013	0.216	0.0032	0	0
tag4	4.4797	0.0013	4.4675	0.0089	0	0
tag5	2.7906	0.0013	2.7854	0.0032	0	0
tag5	5.6789	0.0013	5.6754	0.0013	0	0
tag5	6.3744	0.0013	6.3707	0.0009	0	0
tag5	1.8896	0.0014	1.8844	0.0017	0	0
tag5	6.7005	0.0013	6.6958	0.0017	0	0
tag5	0.2436	0.0013	0.2408	0.0009	0	0
tag5	6.9169	0.0013	6.9118	0.0024	0	0
tag5	6.6901	0.0014	6.686	0.0013	0	0
tag5	1.8577	0.0014	1.8515	0.0039	0	0
tag5	0.2218	0.0013	0.2183	0.0016	0	0
tag5	5.5175	0.0013	5.5072	0.0081	0	0
tag5	4.3063	0.0013	4.3015	0.0017	0	0
tag5	2.7908	0.0013	2.7853	0.0035	0	0
tag5	6.5209	0.0013	6.5171	0.0013	0	0
tag5	0.2239	0.0013	0.2205	0.0016	0	0
tag5	6.2134	0.0012	6.2073	0.0039	0	0
tag5	0.2362	0.0013	0.2308	0.0035	0	0
tag5	4.2612	0.0012	4.2563	0.0021	0	0
tag5	2.7773	0.0013	2.7721	0.0032	0	0
tag5	0.2428	0.0013	0.2399	0.0009	0	0
tag6	6.6377	0.0013	6.6343	0.0012	0	0
tag6	1.8378	0.0013	1.8342	0.0013	0	0
tag6	3.052	0.0013	3.0486	0.0013	0	0
tag6	6.3537	0.0012	6.3479	0.0035	0	0
tag6	4.3079	0.0013	4.3037	0.0013	0	0
tag6	2.7692	0.0013	2.7655	0.0016	0	0
tag6	7.5159	0.0012	7.5107	0.0032	0	0
tag6	4.2331	0.0013	4.228	0.0024	0	0
tag6	6.3313	0.0013	6.3281	0.0008	0	0
tag6	5.6834	0.0013	5.6798	0.0012	0	0
tag6	0.2249	0.0013	0.2222	0.0008	0	0
tag6	4.1514	0.0013	4.1474	0.0013	0	0
tag6	4.2737	0.0013	4.2681	0.0028	0	0
tag6	4.1509	0.0013	4.1467	0.0013	0	0
tag6	0.2253	0.0013	0.2214	0.002	0	0
tag6	4.0599	0.0013	4.0566	0.0009	0	0
tag6	4.271	0.0013	4.2662	0.002	0	0
tag6	4.2323	0.0013	4.2269	0.0024	0	0
tag6	4.3491	0.0013	4.3453	0.0009	0	0
tag6	1.8284	0.0013	1.8207	0.0057	0	0
tag7	1.8391	0.0013	1.8315	0.0054	0	0
tag7	5.7486	0.0012	5.745	0.0013	0	0
tag7	4.3586	0.0012	4.3514	0.0043	0	0
tag7	5.0754	0.0012	5.0661	0.0069	0	0
tag7	4.8922	0.0012	4.8867	0.0024	0	0
tag7	4.3934	0.0013	4.3865	0.0039	0	0
tag7	0.2493	0.0013	0.2446	0.0028	0	0
tag7	4.3066	0.0013	4.3024	0.0013	0	0
tag7	6.8284	0.0012	6.8229	0.0032	0	0
tag7	0.225	0.0012	0.2216	0.0016	0	0
tag7	3.0581	0.0012	3.0515	0.0046	0	0
tag7	1.8256	0.0013	1.819	0.0045	0	0
tag7	1.8212	0.0013	1.8176	0.0016	0	0
tag7	7.5054	0.0013	7.4987	0.0046	0	0
tag7	4.8157	0.0013	4.8109	0.0018	0	0
tag7	4.2513	0.0013	4.2465	0.0021	0	0
tag7	0.2351	0.0013	0.2322	0.0009	0	0
tag7	1.8116	0.0013	1.8071	0.0026	0	0
tag7	4.1705	0.0013	4.1654	0.0024	0	0
tag7	5.7545	0.0012	5.7509	0.0013	0	0
tag8	4.8117	0.0013	4.8075	0.0015	0	0
tag8	3.0523	0.0013	3.0489	0.0012	0	0
tag8	6.6395	0.0012	6.6358	0.0016	0	0
tag8	4.1299	0.0012	4.124	0.0037	0	0
tag8	4.4205	0.0013	4.4168	0.0007	0	0
tag8	4.3053	0.0013	4.3013	0.0011	0	0
tag8	4.3915	0.0012	4.3872	0.0015	0	0
tag8	6.2144	0.0013	6.2082	0.0041	0	0
tag8	4.3413	0.0013	4.3333	0.0049	0	0
tag8	5.0767	0.0013	5.0721	0.0019	0	0
tag8	4.2538	0.0012	4.2502	0.0008	0	0
tag8	0.2391	0.0013	0.2365	0.0007	0	0
tag8	4.3778	0.0013	4.3735	0.0015	0	0
tag8	3.0534	0.0013	3.0482	0.003	0	0
tag8	1.8227	0.0013	1.8192	0.0015	0	0
tag8	3.0484	0.0013	3.0453	0.0011	0	0
tag8	1.8243	0.0013	1.8209	0.0015	0	0
tag8	0.2262	0.0013	0.2229	0.0015	0	0
tag8	0.2405	0.0013	0.238	0.0007	0	0
tag8	0.2361	0.0013	0.2294	0.0048	0	0
tag11	4.2511	0.0013	4.2458	0.0027	0	0
tag11	5.2988	0.0013	5.2951	0.0008	0	0
tag11	3.0579	0.0013	3.0515	0.0042	0	0
tag11	4.4585	0.0013	4.451	0.0046	0	0
tag11	4.289	0.0013	4.2797	0.006	0	0
tag11	0.2498	0.0013	0.2449	0.003	0	0
tag11	0.2192	0.0013	0.2126	0.0048	0	0
tag11	4.8047	0.0012	4.7939	0.008	0	0
tag11	2.7834	0.0013	2.7718	0.0094	0	0
tag11	6.4792	0.0013	6.4759	0.0008	0	0
tag11	5.7607	0.0012	5.757	0.0012	0	0
tag11	6.8171	0.0013	6.81	0.0046	0	0
tag11	0.22	0.0013	0.2133	0.0049	0	0
tag11	2.7804	0.0012	2.769	0.0094	0	0
tag11	4.3053	0.0013	4.3013	0.0012	0	0
tag11	1.8206	0.0013	1.8141	0.0043	0	0
tag11	6.3245	0.0013	6.318	0.0042	0	0
tag11	4.3043	0.0013	4.2962	0.0053	0	0
tag11	1.8119	0.0013	1.8092	0.0008	0	0
tag11	4.0616	0.0013	4.056	0.0027	0	0
tag12	2.7674	0.0013	2.764	0.0015	0	0
tag12	4.2319	0.0013	4.2241	0.0049	0	0
tag12	6.5446	0.0013	6.5411	0.0015	0	0
tag12	4.303	0.0012	4.2973	0.003	0	0
tag12	4.8935	0.0013	4.8894	0.0011	0	0
tag12	1.8399	0.0012	1.8364	0.0012	0	0
tag12	4.9149	0.0013	4.9103	0.0016	0	0
tag12	6.2269	0.0013	6.2212	0.0034	0	0
tag12	4.9266	0.0012	4.922	0.0015	0	0
tag12	5.069	0.0012	5.0632	0.0034	0	0
tag12	4.2622	0.0013	4.2587	0.0008	0	0
tag12	4.4156	0.0013	4.4111	0.0015	0	0
tag12	0.2277	0.0013	0.2247	0.0011	0	0
tag12	1.8375	0.0012	1.832	0.0034	0	0
tag12	5.0724	0.0012	5.0665	0.0034	0	0
tag12	6.833	0.0013	6.8279	0.0027	0	0
tag12	6.3224	0.0013	6.3162	0.0041	0	0
tag12	6.6324	0.0013	6.6289	0.0015	0	0
tag12	6.2213	0.0013	6.2157	0.0034	0	0
tag12	4.3391	0.0013	4.3325	0.0045	0	0
tag13	3.0505	0.0013	3.0466	0.0019	0	0
tag13	5.2996	0.0012	5.2952	0.0016	0	0
tag13	1.8256	0.0013	1.8199	0.0036	0	0
tag13	1.8251	0.0013	1.8174	0.0058	0	0
tag13	6.6301	0.0013	6.6265	0.0015	0	0
tag13	4.4705	0.0013	4.4595	0.0081	0	0
tag13	4.2157	0.0013	4.2093	0.0038	0	0
tag13	3.0563	0.0013	3.0523	0.0019	0	0
tag13	0.2356	0.0012	0.2331	0.0007	0	0
tag13	4.3124	0.0013	4.3072	0.0023	0	0
tag13	5.0707	0.0013	5.0671	0.0008	0	0
tag13	4.4065	0.0013	4.402	0.0015	0	0
tag13	0.2342	0.0012	0.2317	0.0007	0	0
tag13	1.8288	0.0013	1.8254	0.0012	0	0
tag13	4.1303	0.0013	4.1245	0.0034	0	0
tag13	0.2492	0.0012	0.2444	0.003	0	0
tag13	6.4757	0.0013	6.4708	0.0026	0	0
tag13	5.0901	0.0012	5.0812	0.0064	0	0
tag13	5.1308	0.0013	5.1264	0.0016	0	0
tag13	3.0491	0.0013	3.0459	0.0012	0	0
