82c3be1c1a8bed2cf5a2ea58df6f53	5.5033	0.0024	0.0005	0.0052	0.0013	0.0002
bbd3186b2378cb95409c5b8412b831	4.2753	0.0014	0.0004	0.0047	0.0013	0.0001
bfd0dc83f57504bd3b14507642848a	5.1096	0.0014	0.0004	0.0045	0.0014	0.0001
8af41338052669d636d8f25a2bf662	4.2148	0.0013	0.0003	0.0044	0.0013	0.0001
19ca7f548a93bf366ac0f31d47e0e9	4.9467	0.0013	0.0004	0.0047	0.0013	0.0001
9fe9d746561ce804b95342ea02eab4	4.6419	0.0014	0.0004	0.0044	0.0013	0.0001
a5a274c219e5f55216f4b871141428	5.3985	0.0014	0.0004	0.0045	0.0013	0.0001
8f97eb0dd6296bc2af63adc1811d7e	5.7555	0.0014	0.0004	0.0047	0.0013	0.0001
d9c9086839e8f50d87335244170fe6	4.0493	0.0015	0.0004	0.0046	0.0013	0.0001
726b8ad791dc3aecb5aeae2931db03	4.2984	0.0014	0.0004	0.005	0.0013	0.0001
308998cf4f83e204d8668d9735e3ef	4.1224	0.0016	0.0004	0.0045	0.0013	0.0001
986757db2373c5f796edc725094167	4.4665	0.0013	0.0004	0.0048	0.0013	0.0001
1419b0d532e36084e2b8e441dd8f40	4.4067	0.0016	0.0004	0.0046	0.0013	0.0001
75ea175038fb5b22a1a0339d07c274	4.8909	0.0013	0.0004	0.0049	0.0013	0.0001
6a5d6c06cfe76c842d1c01a88a4a5e	6.6314	0.0016	0.0004	0.0047	0.0013	0.0001
ca69ef8351a3d88c857a8356fdd86e	7.4523	0.0017	0.0004	0.0048	0.0013	0.0001
cfc21342a2b0d624606eb5c907c8c5	7.4971	0.0016	0.0004	0.0047	0.0013	0.0001
93d76e08d87dd60cd7e86b080144b4	5.2995	0.0016	0.0004	0.0045	0.0013	0.0001
f2675f1303671243a497ba9285162f	4.2877	0.0014	0.0004	0.0048	0.0014	0.0001
9468d43d0fd5828f0752f846eb051c	4.8167	0.0014	0.0004	0.0048	0.0013	0.0001
fba95a4b4c4b78223b12755ed76a2f	1.8507	0.0014	0.0004	0.0046	0.0013	0.0001
5783758ba9bb26be34ca95ca2da2d5	1.8515	0.0015	0.0004	0.0046	0.0013	0.0001
d4b24319371d9978952d40d6eebf08	1.8388	0.0015	0.0004	0.0047	0.0013	0.0001
78bcfe51d230f402fc4c69903e74ad	5.0759	0.0016	0.0004	0.0048	0.0013	0.0001
96f456cd12abb1e422ec0db4531761	6.4845	0.0017	0.0004	0.0048	0.0013	0.0001
68fe517cdd52d78db2d4d628bbff3c	1.8248	0.0014	0.0004	0.0047	0.0013	0.0001
dbfff8b4cb8b556a4a80e6c826a3ff	1.8287	0.0016	0.0004	0.0048	0.0013	0.0001
238718d1649edb40e47b73442a2d80	1.8153	0.0016	0.0004	0.0047	0.0013	0.0001
7128c7fa890d0a05ef4961754e84a5	6.3432	0.0015	0.0003	0.0047	0.0012	0.0001
ddf931bed226256d5fe120f1e6e297	5.1263	0.0018	0.0004	0.0049	0.0013	0.0001
ae045b12c8c59e736deb6121ba1db6	6.8344	0.0015	0.0004	0.005	0.0013	0.0001
9f9c853f1e9fd5bf401497dee16816	3.0548	0.0018	0.0004	0.0048	0.0013	0.0001
0d395e3b187dc492d2d30432fb69c5	3.0564	0.0015	0.0004	0.0048	0.0013	0.0001
32a22c0e8577727eb2bb7b9b2fb7c2	4.2938	0.0015	0.0004	0.0049	0.0013	0.0001
fc80106945532ac8024ede82ad5dd7	4.2782	0.0015	0.0004	0.0047	0.0013	0.0001
6e95041242d406519a77c138d34f71	4.2643	0.0016	0.0004	0.0047	0.0013	0.0001
34875f04a61bfb792b751d9a919104	4.4069	0.0016	0.0004	0.0049	0.0013	0.0001
ad1d7a51215b4d24ad04865a6f30c3	5.0646	0.0017	0.0004	0.0048	0.0013	0.0001
7f7da764ec4382f8911f82da873151	6.2187	0.0018	0.0004	0.0052	0.0014	0.0001
e769ce3b9660f2d631c68e164b6ab8	6.5616	0.0016	0.0004	0.005	0.0013	0.0001
396eb655acd5228fda964a80897c88	4.3125	0.0017	0.0004	0.0049	0.0013	0.0001
c68b36710eee5273c59b457badd7fc	4.3028	0.002	0.0004	0.0047	0.0013	0.0001
fc056b9770718163817615ca9b8c75	4.1982	0.0017	0.0004	0.0047	0.0013	0.0001
ccea475449fb4cc7668eedf9698c19	4.2231	0.0016	0.0004	0.0049	0.0013	0.0001
24499cf6191fb76848d2bc44a55fc2	4.0819	0.0018	0.0004	0.0048	0.0013	0.0001
f19197fe3c946648b2ca6f60f6b267	4.1658	0.0018	0.0004	0.0049	0.0013	0.0001
466c707af8b043214d974ff9aebebe	4.3617	0.0016	0.0004	0.0048	0.0013	0.0001
5fd5904f1dc30a1a0bf9974cd56dd3	6.3322	0.0016	0.0004	0.0048	0.0013	0.0001
bea4dfa124676451984c18585bcd8e	2.7775	0.0016	0.0004	0.0048	0.0013	0.0001
ff3aef7ad79c434a47ab4435bd355e	2.7911	0.0016	0.0004	0.005	0.0013	0.0001
38a4a5c130b4c92709f7df21dcf8a2	5.6942	0.002	0.0004	0.0051	0.0013	0.0001
af767717019c9d0717b5767d578384	0.236	0.0017	0.0004	0.0047	0.0013	0.0001
f7c9f69130199c797e851f582691eb	0.2609	0.0016	0.0004	0.0046	0.0013	0.0001
9563a85f697c5cf41ce6fea6bd0a19	0.2503	0.0016	0.0004	0.0045	0.0013	0.0001
f79e0126a10242e037cc1d81f8339e	0.2468	0.0019	0.0004	0.0047	0.0013	0.0001
b48490e351fb8d53a5d67a53b026f7	0.2516	0.0016	0.0004	0.0044	0.0013	0.0001
c0e7ddb73cbebf39eb150816d22cd9	0.2306	0.0017	0.0003	0.0048	0.0014	0.0001
e1c121b3cbf36bb01f01a88ce1ed0a	0.2408	0.0017	0.0003	0.0044	0.0013	0.0001
95064926eee4bf0dee619a5f2dbf9a	0.2313	0.0016	0.0004	0.0045	0.0013	0.0001
4232dcfa18a3d5a6d2e392e96e1976	0.2346	0.0016	0.0004	0.0047	0.0013	0.0001
