Image_6	5.5149	0.0033	5.4769	0.0334	0.0002	0.0002
Image_6	5.4277	0.0013	5.3922	0.0332	0.0001	0.0
Image_6	5.4613	0.0013	5.4253	0.0336	0.0001	0.0
Image_6	5.4777	0.0013	5.4421	0.0333	0.0001	0.0
Image_6	5.4957	0.0013	5.4599	0.0334	0.0001	0.0
Image_6	5.5052	0.0013	5.4694	0.0335	0.0001	0.0
Image_6	5.5034	0.0013	5.4679	0.0332	0.0002	0.0
Image_6	5.502	0.0013	5.4667	0.0329	0.0001	0.0
Image_6	5.5133	0.0013	5.4769	0.0339	0.0002	0.0
Image_6	5.5082	0.0013	5.4727	0.0332	0.0002	0.0
Image_6	5.5125	0.0013	5.4767	0.0336	0.0001	0.0
Image_6	5.5048	0.0012	5.4698	0.0329	0.0001	0.0
Image_6	5.5056	0.0013	5.47	0.0334	0.0002	0.0
Image_6	5.4859	0.0013	5.4796	0.0042	0	0
Image_6	5.5066	0.0013	5.4714	0.033	0.0002	0.0
Image_6	5.4775	0.0013	5.4711	0.0043	0	0
Image_6	5.5028	0.0013	5.4669	0.0335	0.0002	0.0
Image_6	5.5088	0.0013	5.473	0.0335	0.0001	0.0
Image_6	5.5164	0.0013	5.4806	0.0335	0.0002	0.0
Image_6	5.4926	0.0013	5.4837	0.0069	0	0
Image_7	4.3339	0.0012	4.3137	0.0181	0.0001	0.0
Image_7	4.3342	0.0013	4.3141	0.0179	0.0001	0.0
Image_7	4.3448	0.0013	4.3244	0.0182	0.0001	0.0
Image_7	4.3411	0.0013	4.3207	0.0182	0.0001	0.0
Image_7	4.3409	0.0013	4.3206	0.0182	0.0001	0.0
Image_7	4.3403	0.0013	4.32	0.0182	0.0001	0.0
Image_7	4.3371	0.0013	4.3168	0.0181	0.0001	0.0
Image_7	4.3351	0.0013	4.3149	0.0181	0.0001	0.0
Image_7	4.3388	0.0013	4.3189	0.0178	0.0001	0.0
Image_7	4.3429	0.0013	4.3227	0.0181	0.0001	0.0
Image_7	4.337	0.0013	4.3169	0.0178	0.0001	0.0
Image_7	4.3404	0.0013	4.32	0.0183	0.0001	0.0
Image_7	4.3442	0.0013	4.3238	0.0182	0.0001	0.0
Image_7	4.3263	0.0013	4.3182	0.0061	0	0
Image_7	4.324	0.0013	4.3158	0.0062	0	0
Image_7	4.3297	0.0013	4.3096	0.018	0.0001	0.0
Image_7	4.3305	0.0013	4.3103	0.0181	0.0001	0.0
Image_7	4.3322	0.0013	4.312	0.0181	0.0001	0.0
Image_7	4.3358	0.0013	4.3157	0.0181	0.0001	0.0
Image_7	4.3394	0.0013	4.3191	0.0181	0.0001	0.0
Image_140	5.1095	0.0013	5.1019	0.0047	0.0002	0.0
Image_140	5.1219	0.0013	5.1145	0.0047	0.0001	0.0
Image_140	5.1139	0.0013	5.1065	0.0046	0.0002	0.0
Image_140	5.1109	0.0013	5.1037	0.0046	0.0002	0.0
Image_140	5.1317	0.0013	5.1242	0.0046	0.0001	0.0
Image_140	5.1204	0.0013	5.113	0.0047	0.0002	0.0
Image_140	5.117	0.0013	5.1095	0.0047	0.0002	0.0
Image_140	5.1273	0.0013	5.12	0.0047	0.0002	0.0
Image_140	5.1241	0.0013	5.1167	0.0047	0.0001	0.0
Image_140	5.1139	0.0013	5.1065	0.0046	0.0002	0.0
Image_140	5.1185	0.0013	5.1108	0.0047	0.0002	0.0
Image_140	5.1053	0.0013	5.0981	0.0046	0.0001	0.0
Image_140	5.1081	0.0013	5.1007	0.0047	0.0002	0.0
Image_140	5.1124	0.0013	5.1048	0.0047	0.0002	0.0
Image_140	5.117	0.0013	5.1095	0.0047	0.0002	0.0
Image_140	5.1168	0.0012	5.1095	0.0046	0.0001	0.0
Image_140	5.1261	0.0013	5.1185	0.0048	0.0002	0.0
Image_140	5.1351	0.0014	5.1276	0.0046	0.0001	0.0
Image_140	5.1191	0.0013	5.1116	0.0046	0.0001	0.0
Image_140	5.1076	0.0013	5.1004	0.0046	0.0001	0.0
Image_180	4.2428	0.0013	4.2332	0.0066	0.0002	0.0
Image_180	4.2427	0.0013	4.2332	0.0066	0.0002	0.0
Image_180	4.2474	0.0013	4.2378	0.0066	0.0001	0.0
Image_180	4.2418	0.0013	4.2323	0.0066	0.0002	0.0
Image_180	4.2354	0.0013	4.2258	0.0066	0.0001	0.0
Image_180	4.2439	0.0012	4.2344	0.0066	0.0002	0.0
Image_180	4.2478	0.0012	4.2382	0.0066	0.0002	0.0
Image_180	4.2447	0.0013	4.2352	0.0066	0.0001	0.0
Image_180	4.242	0.0013	4.2324	0.0066	0.0002	0.0
Image_180	4.2419	0.0013	4.2323	0.0066	0.0002	0.0
Image_180	4.2757	0.0012	4.2662	0.0066	0.0002	0.0
Image_180	4.2955	0.0013	4.2858	0.0066	0.0002	0.0
Image_180	4.2429	0.0013	4.2332	0.0066	0.0002	0.0
Image_180	4.2748	0.0013	4.2651	0.0066	0.0002	0.0
Image_180	4.2457	0.0013	4.2361	0.0066	0.0002	0.0
Image_180	4.2614	0.0013	4.2521	0.0066	0.0002	0.0
Image_180	507.6888	0.0013	507.6787	0.0067	0.0002	0.0
Image_180	4.8558	0.0013	4.8455	0.0065	0.0001	0.0
Image_180	4.21	0.0012	4.1999	0.007	0.0002	0.0
Image_180	4.2107	0.0013	4.2011	0.0065	0.0002	0.0
Image_205	4.8845	0.0013	4.8462	0.0344	0.0001	0.0
Image_205	4.8665	0.0013	4.829	0.0339	0.0001	0.0
Image_205	4.8747	0.0013	4.8378	0.0339	0.0002	0.0
Image_205	4.8876	0.0013	4.8503	0.0341	0.0001	0.0
Image_205	4.9116	0.0013	4.8741	0.0342	0.0001	0.0
Image_205	4.9154	0.0013	4.8781	0.0339	0.0001	0.0
Image_205	4.9252	0.0013	4.8868	0.0348	0.0001	0.0
Image_205	4.9051	0.0013	4.8678	0.034	0.0001	0.0
Image_205	4.9378	0.0013	4.9002	0.034	0.0001	0.0
Image_205	4.9092	0.0013	4.8719	0.034	0.0001	0.0
Image_205	4.9311	0.0012	4.8938	0.0342	0.0001	0.0
Image_205	4.9144	0.0013	4.8767	0.0345	0.0001	0.0
Image_205	4.9266	0.0013	4.8884	0.0349	0.0001	0.0
Image_205	4.9297	0.0013	4.8917	0.0346	0.0001	0.0
Image_205	4.9279	0.0013	4.8898	0.0347	0.0001	0.0
Image_205	4.9373	0.0013	4.8993	0.0347	0.0002	0.0
Image_205	4.9325	0.0013	4.895	0.0344	0.0001	0.0
Image_205	4.9437	0.0013	4.9058	0.0346	0.0002	0.0
Image_205	4.9411	0.0013	4.9027	0.035	0.0002	0.0
Image_205	4.9319	0.0013	4.8939	0.0345	0.0002	0.0
Image_209	4.6456	0.0013	4.6308	0.0123	0.0001	0.0
Image_209	4.6503	0.0013	4.6353	0.0123	0.0001	0.0
Image_209	4.6464	0.0012	4.6314	0.0124	0.0001	0.0
Image_209	4.6377	0.0013	4.6228	0.0123	0.0001	0.0
Image_209	4.6446	0.0013	4.6297	0.0123	0.0001	0.0
Image_209	4.6474	0.0013	4.6325	0.0123	0.0001	0.0
Image_209	4.6394	0.0013	4.6247	0.0123	0.0001	0.0
Image_209	4.6523	0.0013	4.6374	0.0123	0.0001	0.0
Image_209	4.6421	0.0013	4.6273	0.0124	0.0001	0.0
Image_209	4.6466	0.0013	4.6314	0.0124	0.0001	0.0
Image_209	4.6439	0.0013	4.6289	0.0124	0.0001	0.0
Image_209	4.644	0.0013	4.6289	0.0124	0.0001	0.0
Image_209	4.6397	0.0013	4.6248	0.0124	0.0001	0.0
Image_209	4.6463	0.0012	4.6314	0.0124	0.0001	0.0
Image_209	4.6405	0.0013	4.6258	0.0123	0.0001	0.0
Image_209	4.6481	0.0013	4.6324	0.013	0.0002	0.0
Image_209	4.6382	0.0013	4.623	0.0127	0.0001	0.0
Image_209	4.6432	0.0013	4.6284	0.0124	0.0001	0.0
Image_209	4.6369	0.0013	4.6222	0.0122	0.0001	0.0
Image_209	4.6421	0.0013	4.6274	0.0123	0.0001	0.0
Image_228	5.4284	0.0013	5.4155	0.0101	0.0001	0.0
Image_228	5.429	0.0013	5.4159	0.01	0.0001	0.0
Image_228	5.4252	0.0013	5.4122	0.0101	0.0001	0.0
Image_228	5.4272	0.0013	5.4141	0.0101	0.0001	0.0
Image_228	5.4213	0.0012	5.4082	0.01	0.0001	0.0
Image_228	5.4219	0.0013	5.4086	0.0101	0.0001	0.0
Image_228	5.4282	0.0013	5.4151	0.0102	0.0001	0.0
Image_228	5.4207	0.0013	5.4076	0.01	0.0001	0.0
Image_228	5.4207	0.0012	5.4076	0.0101	0.0001	0.0
Image_228	5.419	0.0013	5.4059	0.01	0.0001	0.0
Image_228	5.4132	0.0013	5.4001	0.01	0.0001	0.0
Image_228	5.4186	0.0013	5.4051	0.01	0.0001	0.0
Image_228	5.4186	0.0013	5.4048	0.0102	0.0001	0.0
Image_228	5.4322	0.0013	5.4189	0.0101	0.0001	0.0
Image_228	5.4154	0.0013	5.4024	0.01	0.0001	0.0
Image_228	5.4169	0.0013	5.4035	0.0102	0.0001	0.0
Image_228	5.42	0.0012	5.4067	0.0101	0.0001	0.0
Image_228	5.4148	0.0013	5.4016	0.01	0.0001	0.0
Image_228	5.4249	0.0013	5.4115	0.0102	0.0001	0.0
Image_228	5.4282	0.0013	5.4149	0.0102	0.0001	0.0
Image_265	5.8085	0.0013	5.7318	0.0724	0.0001	0.0
Image_265	5.8049	0.0013	5.7288	0.073	0.0002	0.0
Image_265	5.8005	0.0013	5.7478	0.0497	0	0
Image_265	5.8231	0.0013	5.748	0.0721	0.0001	0.0
Image_265	5.8148	0.0013	5.7396	0.0721	0.0002	0.0
Image_265	5.8209	0.0013	5.7459	0.0715	0.0001	0.0
Image_265	5.8051	0.0013	5.7301	0.0721	0.0001	0.0
Image_265	5.8203	0.0013	5.7447	0.0725	0.0002	0.0
Image_265	5.8378	0.0012	5.7633	0.0715	0.0001	0.0
Image_265	6.9782	0.0013	6.9406	0.0347	0	0
Image_265	5.8152	0.0013	5.7397	0.072	0.0002	0.0
Image_265	5.8187	0.0013	5.7439	0.0718	0.0002	0.0
Image_265	5.8138	0.0013	5.7395	0.0715	0.0001	0.0
Image_265	5.8213	0.0013	5.7468	0.0715	0.0001	0.0
Image_265	5.7954	0.0013	5.7211	0.0715	0.0002	0.0
Image_265	140.5403	0.0013	140.4657	0.0705	0.0002	0.0
Image_265	6.0953	0.0013	6.0218	0.0704	0.0001	0.0
Image_265	5.7177	0.0013	5.6444	0.0704	0.0001	0.0
Image_265	5.7803	0.0013	5.7071	0.0703	0.0001	0.0
Image_265	5.7676	0.0013	5.716	0.0488	0	0
Image_325	4.0455	0.0013	4.0359	0.0072	0.0001	0.0
Image_325	4.0539	0.0013	4.0441	0.0074	0.0001	0.0
Image_325	4.0585	0.0013	4.0488	0.0073	0.0001	0.0
Image_325	4.0507	0.0013	4.041	0.0073	0.0001	0.0
Image_325	4.0481	0.0013	4.0385	0.0073	0.0001	0.0
Image_325	4.0523	0.0013	4.0428	0.0072	0.0001	0.0
Image_325	4.0602	0.0013	4.0505	0.0073	0.0001	0.0
Image_325	4.0595	0.0013	4.0496	0.0073	0.0001	0.0
Image_325	4.0553	0.0013	4.0456	0.0073	0.0001	0.0
Image_325	4.0624	0.0013	4.0522	0.0075	0.0002	0.0
Image_325	4.0553	0.0013	4.0453	0.0076	0.0002	0.0
Image_325	4.0608	0.0013	4.051	0.0074	0.0001	0.0
Image_325	4.0582	0.0013	4.0486	0.0073	0.0001	0.0
Image_325	4.0597	0.0013	4.0499	0.0073	0.0001	0.0
Image_325	4.0633	0.0013	4.0535	0.0074	0.0001	0.0
Image_325	4.0628	0.0013	4.053	0.0073	0.0001	0.0
Image_325	4.0623	0.0013	4.0525	0.0074	0.0001	0.0
Image_325	4.067	0.0013	4.0572	0.0073	0.0001	0.0
Image_325	4.0819	0.0013	4.072	0.0074	0.0001	0.0
Image_325	4.0594	0.0013	4.0495	0.0074	0.0001	0.0
Image_337	4.3306	0.0014	4.2887	0.0387	0.0002	0.0
Image_337	4.3309	0.0013	4.2887	0.039	0.0002	0.0
Image_337	4.3351	0.0013	4.2932	0.0387	0.0002	0.0
Image_337	4.3357	0.0012	4.2936	0.039	0.0002	0.0
Image_337	4.3314	0.0013	4.2892	0.0389	0.0002	0.0
Image_337	4.3273	0.0013	4.285	0.0389	0.0002	0.0
Image_337	4.3398	0.0013	4.2968	0.0398	0.0002	0.0
Image_337	4.3292	0.0013	4.2869	0.039	0.0002	0.0
Image_337	4.3338	0.0013	4.2914	0.0391	0.0002	0.0
Image_337	4.3262	0.0013	4.2837	0.0391	0.0002	0.0
Image_337	4.3294	0.0013	4.2872	0.039	0.0002	0.0
Image_337	4.3307	0.0013	4.288	0.0392	0.0002	0.0
Image_337	4.3294	0.0013	4.2873	0.0387	0.0002	0.0
Image_337	4.3297	0.0013	4.2867	0.0398	0.0002	0.0
Image_337	4.3296	0.0013	4.2877	0.0387	0.0002	0.0
Image_337	4.335	0.0013	4.2923	0.0393	0.0002	0.0
Image_337	4.3243	0.0013	4.282	0.0391	0.0002	0.0
Image_337	4.3334	0.0013	4.2911	0.0392	0.0002	0.0
Image_337	4.3308	0.0013	4.2884	0.0392	0.0002	0.0
Image_337	4.3226	0.0013	4.2808	0.0386	0.0002	0.0
Image_342	4.1152	0.0013	4.1016	0.0108	0.0001	0.0
Image_342	4.1247	0.0013	4.1115	0.0107	0.0001	0.0
Image_342	4.1177	0.0013	4.1046	0.0108	0.0001	0.0
Image_342	4.1243	0.0013	4.1109	0.0109	0.0001	0.0
Image_342	4.1148	0.0013	4.1015	0.0108	0.0001	0.0
Image_342	4.1236	0.0013	4.1103	0.0109	0.0001	0.0
Image_342	4.1203	0.0013	4.107	0.0109	0.0001	0.0
Image_342	4.1179	0.0013	4.1046	0.0108	0.0001	0.0
Image_342	4.1178	0.0013	4.1043	0.0109	0.0001	0.0
Image_342	4.1208	0.0013	4.1075	0.0108	0.0001	0.0
Image_342	4.1183	0.0013	4.105	0.0108	0.0001	0.0
Image_342	4.1238	0.0013	4.1107	0.0107	0.0001	0.0
Image_342	4.1163	0.0012	4.1032	0.0108	0.0001	0.0
Image_342	4.1203	0.0013	4.1072	0.0107	0.0001	0.0
Image_342	4.1348	0.0013	4.1205	0.0116	0.0001	0.0
Image_342	4.1139	0.0013	4.1007	0.0108	0.0001	0.0
Image_342	4.1148	0.0013	4.1015	0.0108	0.0001	0.0
Image_342	4.1207	0.0013	4.1073	0.0109	0.0001	0.0
Image_342	4.1169	0.0013	4.1034	0.0109	0.0002	0.0
Image_342	4.1214	0.0013	4.1082	0.0108	0.0001	0.0
Image_409	4.4645	0.0013	4.4467	0.0145	0	0
Image_409	4.4664	0.0013	4.449	0.0143	0	0
Image_409	4.4619	0.0012	4.4442	0.0143	0	0
Image_409	4.466	0.0013	4.4487	0.0143	0	0
Image_409	4.4785	0.0013	4.46	0.0153	0	0
Image_409	4.4737	0.0013	4.4562	0.0145	0	0
Image_409	4.4734	0.0013	4.4558	0.0145	0	0
Image_409	4.4677	0.0013	4.4499	0.0146	0	0
Image_409	4.456	0.0013	4.4388	0.0143	0	0
Image_409	4.4673	0.0013	4.4496	0.0143	0	0
Image_409	4.4588	0.0013	4.4413	0.0143	0	0
Image_409	4.4645	0.0013	4.4523	0.009	0	0
Image_409	4.4631	0.0013	4.4457	0.0143	0	0
Image_409	4.464	0.0013	4.4465	0.0143	0	0
Image_409	4.471	0.0013	4.4538	0.0142	0	0
Image_409	4.4671	0.0013	4.4493	0.0143	0	0
Image_409	4.4607	0.0013	4.4429	0.0145	0	0
Image_409	4.4652	0.0012	4.4478	0.0143	0	0
Image_409	4.4541	0.0013	4.4359	0.0152	0	0
Image_409	4.4645	0.0013	4.447	0.0144	0	0
Image_411	4.4031	0.0013	4.3911	0.0088	0.0002	0.0
Image_411	4.3964	0.0013	4.3845	0.0088	0.0002	0.0
Image_411	4.4096	0.0012	4.3973	0.009	0.0002	0.0
Image_411	4.4038	0.0013	4.3915	0.009	0.0002	0.0
Image_411	4.4083	0.0013	4.3962	0.0089	0.0001	0.0
Image_411	4.4151	0.0013	4.4027	0.0089	0.0002	0.0
Image_411	4.3979	0.0013	4.3857	0.0089	0.0001	0.0
Image_411	4.4016	0.0013	4.3896	0.0089	0.0001	0.0
Image_411	4.4016	0.0013	4.3899	0.0088	0.0001	0.0
Image_411	4.4047	0.0013	4.3928	0.0088	0.0001	0.0
Image_411	4.3975	0.0013	4.3855	0.0089	0.0002	0.0
Image_411	4.4019	0.0013	4.389	0.0092	0.0002	0.0
Image_411	4.4007	0.0013	4.3887	0.0089	0.0001	0.0
Image_411	4.4056	0.0013	4.3931	0.0089	0.0002	0.0
Image_411	4.4134	0.0013	4.401	0.0089	0.0002	0.0
Image_411	4.4024	0.0013	4.3902	0.0089	0.0002	0.0
Image_411	4.3972	0.0013	4.3852	0.0089	0.0002	0.0
Image_411	4.4056	0.0013	4.3935	0.0089	0.0002	0.0
Image_411	4.4052	0.0013	4.3929	0.0089	0.0002	0.0
Image_411	4.3998	0.0013	4.3876	0.0089	0.0001	0.0
Image_424	4.9049	0.0013	4.8708	0.0307	0.0001	0.0
Image_424	4.9009	0.0013	4.8669	0.0306	0.0001	0.0
Image_424	4.9073	0.0013	4.8734	0.0308	0.0001	0.0
Image_424	4.9133	0.0013	4.8791	0.031	0.0001	0.0
Image_424	4.9245	0.0013	4.8901	0.031	0.0001	0.0
Image_424	4.9183	0.0013	4.8841	0.0309	0.0001	0.0
Image_424	4.918	0.0015	4.8832	0.031	0.0001	0.0
Image_424	4.9144	0.0013	4.8798	0.0311	0.0001	0.0
Image_424	4.9042	0.0013	4.87	0.0307	0.0001	0.0
Image_424	4.9022	0.0013	4.8674	0.0315	0.0001	0.0
Image_424	4.9207	0.0013	4.8865	0.0308	0.0001	0.0
Image_424	4.905	0.0012	4.8707	0.0309	0.0001	0.0
Image_424	4.9126	0.0013	4.8784	0.0308	0.0001	0.0
Image_424	4.9108	0.0013	4.8765	0.0308	0.0001	0.0
Image_424	4.9113	0.0012	4.8772	0.0307	0.0001	0.0
Image_424	4.9413	0.0013	4.9072	0.0308	0.0001	0.0
Image_424	7.782	0.0013	7.7481	0.0306	0.0001	0.0
Image_424	4.903	0.0013	4.8693	0.0306	0.0001	0.0
Image_424	4.9207	0.0013	4.8867	0.0308	0.0001	0.0
Image_424	4.909	0.0013	4.8748	0.0311	0.0001	0.0
Image_618	6.6338	0.0013	6.6301	0.0015	0.0002	0.0
Image_618	6.625	0.0013	6.6213	0.0015	0.0002	0.0
Image_618	793.2445	0.0013	793.2396	0.002	0.0002	0.0
Image_618	6.9796	0.0014	6.9758	0.0015	0.0002	0.0
Image_618	6.5205	0.0013	6.5169	0.0015	0.0001	0.0
Image_618	6.5147	0.0014	6.5108	0.0015	0.0002	0.0
Image_618	6.5117	0.0013	6.5081	0.0015	0.0001	0.0
Image_618	6.5129	0.0013	6.5091	0.0015	0.0001	0.0
Image_618	6.5154	0.0013	6.5117	0.0015	0.0001	0.0
Image_618	6.5202	0.0013	6.5171	0.0011	0	0
Image_618	6.5541	0.0013	6.5504	0.0015	0.0001	0.0
Image_618	6.5921	0.0013	6.5883	0.0015	0.0001	0.0
Image_618	6.5947	0.0013	6.591	0.0015	0.0001	0.0
Image_618	6.6042	0.0013	6.6004	0.0015	0.0002	0.0
Image_618	6.6158	0.0013	6.6122	0.0015	0.0001	0.0
Image_618	6.6176	0.0013	6.6137	0.0016	0.0001	0.0
Image_618	6.6125	0.0013	6.6088	0.0015	0.0001	0.0
Image_618	6.6065	0.0013	6.6027	0.0015	0.0001	0.0
Image_618	6.6143	0.0013	6.6106	0.0015	0.0001	0.0
Image_618	6.6202	0.0013	6.6165	0.0015	0.0002	0.0
Image_711	7.4534	0.0013	7.4387	0.0123	0.0001	0.0
Image_711	7.4598	0.0013	7.4453	0.0122	0.0001	0.0
Image_711	7.4708	0.0013	7.456	0.0125	0.0002	0.0
Image_711	7.4494	0.0013	7.4454	0.002	0	0
Image_711	7.4614	0.0013	7.4464	0.0126	0.0001	0.0
Image_711	7.4644	0.0013	7.4496	0.0125	0.0001	0.0
Image_711	7.4605	0.0013	7.4458	0.0124	0.0001	0.0
Image_711	7.4677	0.0013	7.4529	0.0124	0.0001	0.0
Image_711	7.4687	0.0013	7.454	0.0124	0.0001	0.0
Image_711	7.4739	0.0013	7.4591	0.0125	0.0001	0.0
Image_711	7.4712	0.0013	7.4563	0.0124	0.0001	0.0
Image_711	7.4729	0.0012	7.4584	0.0124	0.0001	0.0
Image_711	7.4587	0.0013	7.4442	0.0124	0.0001	0.0
Image_711	7.4691	0.0013	7.4545	0.0124	0.0001	0.0
Image_711	7.46	0.0013	7.4456	0.0122	0.0001	0.0
Image_711	7.4644	0.0013	7.45	0.0123	0.0001	0.0
Image_711	7.4611	0.0013	7.4465	0.0124	0.0001	0.0
Image_711	7.4667	0.0013	7.4522	0.0123	0.0001	0.0
Image_711	7.467	0.0012	7.4524	0.0123	0.0001	0.0
Image_711	7.4761	0.0013	7.4614	0.0124	0.0001	0.0
Image_713	7.5308	0.0013	7.4959	0.0323	0.0002	0.0
Image_713	7.5273	0.0013	7.4926	0.0323	0.0001	0.0
Image_713	7.5423	0.0013	7.5078	0.0323	0.0001	0.0
Image_713	7.5337	0.0013	7.4986	0.0327	0.0001	0.0
Image_713	7.5312	0.0013	7.496	0.0328	0.0001	0.0
Image_713	7.5328	0.0013	7.4972	0.0332	0.0002	0.0
Image_713	7.5368	0.0013	7.5018	0.0326	0.0001	0.0
Image_713	7.527	0.0013	7.4922	0.0324	0.0001	0.0
Image_713	7.5432	0.0013	7.5083	0.0324	0.0001	0.0
Image_713	7.5242	0.0013	7.4896	0.0322	0.0001	0.0
Image_713	7.5316	0.0013	7.4967	0.0326	0.0001	0.0
Image_713	7.5195	0.0013	7.4846	0.0325	0.0001	0.0
Image_713	7.5293	0.0013	7.4944	0.0325	0.0002	0.0
Image_713	7.5256	0.0013	7.4908	0.0323	0.0001	0.0
Image_713	7.5387	0.0013	7.5038	0.0325	0.0001	0.0
Image_713	7.5235	0.0013	7.4887	0.0324	0.0001	0.0
Image_713	7.5227	0.0013	7.4877	0.0326	0.0001	0.0
Image_713	7.5212	0.0013	7.4858	0.0332	0.0001	0.0
Image_713	7.5215	0.0012	7.4868	0.0324	0.0001	0.0
Image_713	7.5363	0.0012	7.4929	0.0406	0.0002	0.0
Image_852	6.2934	0.0013	6.2812	0.0092	0.0001	0.0
Image_852	5.2937	0.0013	5.2815	0.0093	0.0002	0.0
Image_852	5.3139	0.0013	5.3016	0.0093	0.0001	0.0
Image_852	5.2981	0.0013	5.2857	0.0094	0.0001	0.0
Image_852	5.3172	0.0013	5.3049	0.0093	0.0001	0.0
Image_852	12.0908	0.0014	12.0776	0.0095	0.0002	0.0
Image_852	6.1889	0.0013	6.1751	0.0094	0.0001	0.0
Image_852	5.3115	0.0012	5.299	0.0094	0.0001	0.0
Image_852	5.3077	0.0013	5.2952	0.0094	0.0001	0.0
Image_852	5.3001	0.0013	5.2878	0.0092	0.0001	0.0
Image_852	5.2978	0.0013	5.2854	0.0093	0.0001	0.0
Image_852	5.3031	0.0013	5.2906	0.0093	0.0001	0.0
Image_852	5.31	0.0013	5.2974	0.0093	0.0001	0.0
Image_852	5.3038	0.0013	5.2911	0.0093	0.0001	0.0
Image_852	5.3112	0.0013	5.2984	0.0093	0.0001	0.0
Image_852	5.3017	0.0013	5.2889	0.0092	0.0001	0.0
Image_852	5.2991	0.0013	5.2868	0.0093	0.0001	0.0
Image_852	5.3014	0.0013	5.2891	0.0093	0.0001	0.0
Image_852	5.3018	0.0013	5.2894	0.0093	0.0001	0.0
Image_852	5.2992	0.0012	5.287	0.0092	0.0001	0.0
Image_862	4.3022	0.0013	4.2639	0.0347	0.0001	0.0
Image_862	4.3198	0.0013	4.2816	0.0349	0.0001	0.0
Image_862	4.3133	0.0012	4.2744	0.0358	0.0002	0.0
Image_862	4.3115	0.0013	4.2734	0.035	0.0001	0.0
Image_862	4.3038	0.0013	4.2663	0.0346	0.0001	0.0
Image_862	4.3138	0.0012	4.2759	0.0347	0.0001	0.0
Image_862	4.3015	0.0012	4.2639	0.0345	0.0001	0.0
Image_862	4.3026	0.0013	4.2646	0.0348	0.0001	0.0
Image_862	4.2966	0.0013	4.2581	0.0351	0.0001	0.0
Image_862	4.3059	0.0013	4.267	0.0356	0.0001	0.0
Image_862	4.3059	0.0012	4.268	0.0349	0.0001	0.0
Image_862	4.3178	0.0013	4.28	0.0348	0.0001	0.0
Image_862	4.3127	0.0013	4.2744	0.035	0.0001	0.0
Image_862	4.3057	0.0013	4.268	0.0346	0.0001	0.0
Image_862	4.3112	0.0013	4.2732	0.0348	0.0001	0.0
Image_862	4.3084	0.0013	4.2704	0.0346	0.0002	0.0
Image_862	4.3041	0.0013	4.2657	0.0353	0.0001	0.0
Image_862	4.3067	0.0013	4.2689	0.0347	0.0001	0.0
Image_862	4.3032	0.0013	4.2651	0.0349	0.0001	0.0
Image_862	4.3059	0.0013	4.2677	0.0349	0.0001	0.0
Image_972	4.8269	0.0013	4.7951	0.0284	0.0001	0.0
Image_972	4.8157	0.0013	4.7841	0.028	0.0002	0.0
Image_972	4.8141	0.0013	4.7828	0.0281	0.0001	0.0
Image_972	4.8193	0.0013	4.7881	0.0279	0.0001	0.0
Image_972	4.815	0.0013	4.7842	0.0277	0.0001	0.0
Image_972	4.8119	0.0013	4.7811	0.0279	0.0001	0.0
Image_972	4.8123	0.0013	4.7813	0.0277	0.0001	0.0
Image_972	4.808	0.0012	4.7771	0.0279	0.0001	0.0
Image_972	4.8052	0.0013	4.7741	0.0279	0.0002	0.0
Image_972	4.8047	0.0013	4.7738	0.0277	0.0001	0.0
Image_972	4.8086	0.0013	4.7774	0.0279	0.0001	0.0
Image_972	4.8169	0.0013	4.7851	0.0285	0.0001	0.0
Image_972	4.8061	0.0012	4.7756	0.0275	0.0002	0.0
Image_972	4.8113	0.0013	4.7808	0.0276	0.0001	0.0
Image_972	4.8281	0.0013	4.7969	0.0279	0.0001	0.0
Image_972	4.8098	0.0013	4.7788	0.0278	0.0002	0.0
Image_972	4.8078	0.0013	4.7769	0.0278	0.0001	0.0
Image_972	4.82	0.0013	4.7891	0.0278	0.0001	0.0
Image_972	4.8163	0.0013	4.7855	0.0277	0.0001	0.0
Image_972	4.815	0.0013	4.7841	0.0279	0.0001	0.0
Image_972_1	1.8404	0.0013	1.8266	0.0114	0.0001	0.0
Image_972_1	1.841	0.0012	1.8275	0.0112	0.0001	0.0
Image_972_1	1.8444	0.0013	1.8307	0.0113	0.0001	0.0
Image_972_1	1.8393	0.0013	1.8257	0.0112	0.0001	0.0
Image_972_1	1.8395	0.0013	1.8259	0.0112	0.0001	0.0
Image_972_1	1.8422	0.0013	1.8288	0.0112	0.0001	0.0
Image_972_1	1.8403	0.0013	1.8268	0.0111	0.0001	0.0
Image_972_1	1.8416	0.0013	1.828	0.0112	0.0001	0.0
Image_972_1	1.8387	0.0013	1.8249	0.0113	0.0001	0.0
Image_972_1	1.8424	0.0013	1.8289	0.0111	0.0001	0.0
Image_972_1	1.8433	0.0013	1.8296	0.0112	0.0002	0.0
Image_972_1	1.8415	0.0012	1.828	0.0112	0.0001	0.0
Image_972_1	1.846	0.0013	1.8324	0.0112	0.0001	0.0
Image_972_1	1.8459	0.0013	1.8321	0.0112	0.0001	0.0
Image_972_1	1.8436	0.0012	1.8302	0.0111	0.0001	0.0
Image_972_1	1.8397	0.0012	1.8261	0.0112	0.0001	0.0
Image_972_1	1.8387	0.0013	1.8252	0.0111	0.0001	0.0
Image_972_1	1.844	0.0013	1.8305	0.0111	0.0001	0.0
Image_972_1	1.8429	0.0013	1.8293	0.0112	0.0001	0.0
Image_972_1	1.8423	0.0013	1.8288	0.0112	0.0001	0.0
Image_972_2	1.8507	0.0013	1.8364	0.012	0.0001	0.0
Image_972_2	1.8459	0.0012	1.8316	0.012	0.0001	0.0
Image_972_2	1.8463	0.0012	1.8321	0.0119	0.0001	0.0
Image_972_2	1.8469	0.0013	1.8326	0.012	0.0001	0.0
Image_972_2	1.8456	0.0013	1.8312	0.012	0.0001	0.0
Image_972_2	1.8428	0.0013	1.8283	0.012	0.0001	0.0
Image_972_2	1.8421	0.0013	1.8276	0.0121	0.0001	0.0
Image_972_2	1.8422	0.0013	1.8279	0.012	0.0001	0.0
Image_972_2	1.8332	0.0013	1.8239	0.0071	0	0
Image_972_2	1.8424	0.0013	1.828	0.012	0.0001	0.0
Image_972_2	1.8405	0.0013	1.8259	0.0121	0.0001	0.0
Image_972_2	1.842	0.0013	1.8279	0.0119	0.0001	0.0
Image_972_2	1.843	0.0013	1.8287	0.012	0.0001	0.0
Image_972_2	1.8467	0.0013	1.8323	0.012	0.0001	0.0
Image_972_2	1.8441	0.0013	1.8299	0.012	0.0001	0.0
Image_972_2	1.8437	0.0013	1.8295	0.0118	0.0001	0.0
Image_972_2	1.8487	0.0013	1.8345	0.0118	0.0001	0.0
Image_972_2	1.8486	0.0013	1.8343	0.0119	0.0001	0.0
Image_972_2	1.8439	0.0012	1.8297	0.0119	0.0001	0.0
Image_972_2	1.8484	0.0013	1.8341	0.012	0.0001	0.0
Image_972_3	1.8379	0.0013	1.8271	0.0085	0.0001	0.0
Image_972_3	1.8362	0.0012	1.8254	0.0085	0.0001	0.0
Image_972_3	1.8365	0.0013	1.8257	0.0085	0.0001	0.0
Image_972_3	1.8337	0.0013	1.8229	0.0085	0.0001	0.0
Image_972_3	1.8353	0.0013	1.8245	0.0085	0.0001	0.0
Image_972_3	1.8307	0.0013	1.8196	0.0086	0.0001	0.0
Image_972_3	1.8322	0.0013	1.8211	0.0086	0.0002	0.0
Image_972_3	1.8358	0.0013	1.8249	0.0085	0.0001	0.0
Image_972_3	1.8351	0.0013	1.8242	0.0085	0.0001	0.0
Image_972_3	1.8344	0.0013	1.8235	0.0085	0.0001	0.0
Image_972_3	1.8361	0.0013	1.8251	0.0085	0.0001	0.0
Image_972_3	1.836	0.0013	1.8251	0.0085	0.0001	0.0
Image_972_3	1.8304	0.0013	1.8196	0.0085	0.0001	0.0
Image_972_3	1.8368	0.0013	1.826	0.0083	0.0001	0.0
Image_972_3	1.8343	0.0013	1.8234	0.0085	0.0001	0.0
Image_972_3	1.8341	0.0013	1.8232	0.0086	0.0001	0.0
Image_972_3	1.8353	0.0013	1.8246	0.0085	0.0001	0.0
Image_972_3	1.8349	0.0013	1.8239	0.0086	0.0001	0.0
Image_972_3	1.8355	0.0013	1.8245	0.0084	0.0001	0.0
Image_972_3	1.8329	0.0013	1.822	0.0085	0.0001	0.0
Image_974	5.0674	0.0013	5.0547	0.0099	0.0001	0.0
Image_974	5.0726	0.0013	5.0595	0.0102	0.0001	0.0
Image_974	5.0777	0.0013	5.0647	0.0101	0.0002	0.0
Image_974	5.0658	0.0013	5.053	0.01	0.0002	0.0
Image_974	5.0733	0.0013	5.0605	0.01	0.0001	0.0
Image_974	5.0811	0.0012	5.0684	0.0101	0.0001	0.0
Image_974	5.0664	0.0013	5.0536	0.0101	0.0001	0.0
Image_974	5.0673	0.0013	5.0544	0.0101	0.0001	0.0
Image_974	5.065	0.0013	5.0518	0.0102	0.0001	0.0
Image_974	5.0728	0.0013	5.0598	0.0101	0.0002	0.0
Image_974	5.0769	0.0013	5.0639	0.0101	0.0002	0.0
Image_974	5.0692	0.0013	5.0564	0.0101	0.0002	0.0
Image_974	5.0726	0.0013	5.0599	0.0101	0.0002	0.0
Image_974	5.0742	0.0013	5.0613	0.0101	0.0002	0.0
Image_974	5.0713	0.0013	5.0583	0.0101	0.0002	0.0
Image_974	5.0826	0.0013	5.0695	0.0101	0.0001	0.0
Image_974	5.0965	0.0013	5.0835	0.0101	0.0001	0.0
Image_974	5.0716	0.0013	5.0587	0.0101	0.0002	0.0
Image_974	5.0698	0.0013	5.0567	0.01	0.0002	0.0
Image_974	5.0697	0.0013	5.057	0.01	0.0001	0.0
Image_975	6.4834	0.0013	6.4651	0.0157	0.0001	0.0
Image_975	6.4854	0.0013	6.4668	0.0159	0.0001	0.0
Image_975	6.4846	0.0013	6.4661	0.0158	0.0002	0.0
Image_975	6.4957	0.0013	6.4774	0.0157	0.0001	0.0
Image_975	6.4868	0.0012	6.4682	0.0159	0.0001	0.0
Image_975	6.4818	0.0013	6.4634	0.0158	0.0001	0.0
Image_975	6.4942	0.0013	6.4755	0.0159	0.0001	0.0
Image_975	6.4835	0.0013	6.465	0.0158	0.0001	0.0
Image_975	6.4985	0.0013	6.48	0.0159	0.0001	0.0
Image_975	6.4861	0.0012	6.4677	0.0158	0.0001	0.0
Image_975	6.4877	0.0013	6.4691	0.0157	0.0001	0.0
Image_975	6.492	0.0013	6.4735	0.0159	0.0001	0.0
Image_975	6.4767	0.0013	6.4582	0.0158	0.0001	0.0
Image_975	6.4857	0.0013	6.4671	0.0157	0.0001	0.0
Image_975	6.4905	0.0013	6.4721	0.0158	0.0001	0.0
Image_975	6.4853	0.0013	6.467	0.0157	0.0001	0.0
Image_975	6.4819	0.0013	6.4635	0.0158	0.0001	0.0
Image_975	6.4947	0.0013	6.4758	0.016	0.0001	0.0
Image_975	6.4888	0.0013	6.4701	0.0159	0.0001	0.0
Image_975	6.4908	0.0013	6.4724	0.0158	0.0001	0.0
Image_975_1	1.8138	0.0013	1.8076	0.0042	0.0001	0.0
Image_975_1	1.842	0.0013	1.8355	0.0043	0.0002	0.0
Image_975_1	1.835	0.0013	1.8285	0.0043	0.0001	0.0
Image_975_1	1.8393	0.0014	1.8328	0.0043	0.0001	0.0
Image_975_1	1.824	0.0013	1.8177	0.0043	0.0002	0.0
Image_975_1	1.8494	0.0013	1.843	0.0042	0.0002	0.0
Image_975_1	1.8234	0.0013	1.8172	0.0042	0.0001	0.0
Image_975_1	1.8609	0.0014	1.8542	0.0044	0.0002	0.0
Image_975_1	1.8487	0.0013	1.8422	0.0043	0.0001	0.0
Image_975_1	1.9212	0.0013	1.9119	0.0065	0.0001	0.0
Image_975_1	1.8753	0.0013	1.8682	0.0045	0.0002	0.0
Image_975_1	1.9307	0.0013	1.9238	0.0045	0.0001	0.0
Image_975_1	1.8585	0.0012	1.8512	0.0043	0.0001	0.0
Image_975_1	1.8395	0.0013	1.833	0.0043	0.0001	0.0
Image_975_1	1.8368	0.0013	1.8305	0.0043	0.0001	0.0
Image_975_1	1.8395	0.0013	1.833	0.0043	0.0001	0.0
Image_975_1	1.8382	0.0013	1.8318	0.0042	0.0001	0.0
Image_975_1	1.8571	0.0013	1.8509	0.0042	0.0001	0.0
Image_975_1	1.8262	0.0013	1.8198	0.0042	0.0001	0.0
Image_975_1	1.8214	0.0013	1.815	0.0042	0.0002	0.0
Image_975_2	1.8299	0.0013	1.8246	0.0034	0	0
Image_975_2	1.8305	0.0013	1.8223	0.0062	0.0001	0.0
Image_975_2	1.8428	0.0013	1.8351	0.0058	0	0
Image_975_2	1.8745	0.0013	1.8659	0.0064	0.0001	0.0
Image_975_2	1.8667	0.0013	1.8584	0.0062	0.0002	0.0
Image_975_2	1.8617	0.0013	1.853	0.0064	0.0002	0.0
Image_975_2	1.8845	0.0013	1.876	0.0062	0.0001	0.0
Image_975_2	1.8763	0.0013	1.8677	0.0064	0.0001	0.0
Image_975_2	1.8401	0.0012	1.8317	0.0062	0.0002	0.0
Image_975_2	1.8861	0.0013	1.8807	0.0034	0	0
Image_975_2	1.8919	0.0013	1.8831	0.0064	0.0001	0.0
Image_975_2	1.8744	0.0013	1.8657	0.0064	0.0002	0.0
Image_975_2	1.8551	0.0013	1.8467	0.0061	0.0001	0.0
Image_975_2	1.8463	0.0013	1.8377	0.0063	0.0002	0.0
Image_975_2	1.8507	0.0013	1.8423	0.0062	0.0001	0.0
Image_975_2	1.8525	0.0013	1.8441	0.0062	0.0001	0.0
Image_975_2	1.8657	0.0013	1.8572	0.0062	0.0002	0.0
Image_975_2	1.8488	0.0013	1.8404	0.0062	0.0001	0.0
Image_975_2	1.8495	0.0014	1.8438	0.0035	0	0
Image_975_2	1.8652	0.0013	1.8567	0.0064	0.0002	0.0
Image_975_3	1.8339	0.0013	1.8292	0.0024	0.0002	0.0
Image_975_3	1.8329	0.0013	1.8285	0.0023	0.0002	0.0
Image_975_3	1.8318	0.0013	1.8273	0.0024	0.0001	0.0
Image_975_3	1.834	0.0013	1.8296	0.0023	0.0001	0.0
Image_975_3	1.8356	0.0013	1.8312	0.0023	0.0001	0.0
Image_975_3	1.834	0.0013	1.8295	0.0023	0.0001	0.0
Image_975_3	1.8446	0.0013	1.8399	0.0024	0.0002	0.0
Image_975_3	1.8652	0.0013	1.8605	0.0024	0.0001	0.0
Image_975_3	1.8135	0.0013	1.8089	0.0023	0.0001	0.0
Image_975_3	1.8353	0.0013	1.831	0.0024	0.0001	0.0
Image_975_3	1.8261	0.0013	1.8214	0.0024	0.0001	0.0
Image_975_3	1.8619	0.0013	1.8564	0.003	0.0002	0.0
Image_975_3	1.8229	0.0013	1.8183	0.0023	0.0001	0.0
Image_975_3	1.872	0.0013	1.8671	0.0026	0.0002	0.0
Image_975_3	1.8667	0.0014	1.8621	0.0023	0.0001	0.0
Image_975_3	1.8951	0.0013	1.8905	0.0024	0.0001	0.0
Image_975_3	1.8369	0.0013	1.8323	0.0024	0.0001	0.0
Image_975_3	1.8323	0.0013	1.8279	0.0023	0.0001	0.0
Image_975_3	1.8439	0.0013	1.8394	0.0023	0.0001	0.0
Image_975_3	1.8278	0.0013	1.8234	0.0023	0.0001	0.0
Image_997	6.4344	0.0013	6.4078	0.0237	0.0001	0.0
Image_997	6.4449	0.0013	6.419	0.0231	0.0001	0.0
Image_997	6.4682	0.0013	6.4418	0.0235	0.0001	0.0
Image_997	6.4403	0.0013	6.4143	0.0231	0.0001	0.0
Image_997	6.4191	0.0013	6.3929	0.0232	0.0001	0.0
Image_997	6.4898	0.0013	6.4637	0.0233	0.0001	0.0
Image_997	6.4948	0.0013	6.4688	0.0232	0.0001	0.0
Image_997	6.4518	0.0013	6.426	0.0231	0.0002	0.0
Image_997	6.3908	0.0013	6.3649	0.0231	0.0002	0.0
Image_997	6.4242	0.0013	6.3984	0.0232	0.0001	0.0
Image_997	6.4329	0.0013	6.4068	0.0232	0.0001	0.0
Image_997	6.4315	0.0013	6.4057	0.0229	0.0001	0.0
Image_997	6.3716	0.0013	6.3455	0.0234	0.0001	0.0
Image_997	6.3588	0.0013	6.3328	0.0232	0.0001	0.0
Image_997	6.3676	0.0013	6.342	0.023	0.0001	0.0
Image_997	6.3673	0.0013	6.3414	0.0231	0.0001	0.0
Image_997	6.365	0.0012	6.3394	0.023	0.0001	0.0
Image_997	6.3656	0.0013	6.3395	0.0233	0.0001	0.0
Image_997	6.3723	0.0013	6.3464	0.0232	0.0002	0.0
Image_997	6.3485	0.0013	6.3392	0.0067	0	0
Image_1060	5.1225	0.0013	5.1058	0.0135	0.0002	0.0
Image_1060	5.1315	0.0013	5.1147	0.0135	0.0002	0.0
Image_1060	5.1393	0.0012	5.1227	0.0135	0.0002	0.0
Image_1060	5.137	0.0013	5.1204	0.0135	0.0002	0.0
Image_1060	5.1317	0.0013	5.1151	0.0135	0.0002	0.0
Image_1060	5.1265	0.0012	5.11	0.0135	0.0002	0.0
Image_1060	5.1343	0.0013	5.1178	0.0134	0.0002	0.0
Image_1060	5.1284	0.0013	5.1113	0.0136	0.0002	0.0
Image_1060	5.1169	0.0012	5.1005	0.0135	0.0002	0.0
Image_1060	5.1323	0.0013	5.1153	0.0137	0.0002	0.0
Image_1060	5.1326	0.0013	5.1157	0.0135	0.0002	0.0
Image_1060	5.1252	0.0013	5.1086	0.0135	0.0002	0.0
Image_1060	5.1294	0.0013	5.1127	0.0136	0.0002	0.0
Image_1060	5.1318	0.0013	5.1152	0.0135	0.0002	0.0
Image_1060	5.1286	0.0013	5.1119	0.0135	0.0002	0.0
Image_1060	5.1274	0.0013	5.1106	0.0136	0.0002	0.0
Image_1060	5.1289	0.0013	5.1122	0.0136	0.0002	0.0
Image_1060	5.1191	0.0013	5.1025	0.0135	0.0002	0.0
Image_1060	5.1335	0.0012	5.1166	0.0136	0.0002	0.0
Image_1060	5.1211	0.0013	5.1047	0.0134	0.0002	0.0
Image_1079	6.8384	0.0013	6.8125	0.0232	0.0002	0.0
Image_1079	6.8342	0.0013	6.8083	0.0233	0.0002	0.0
Image_1079	6.9939	0.0012	6.9676	0.0234	0.0002	0.0
Image_1079	6.8431	0.0013	6.8172	0.0232	0.0002	0.0
Image_1079	6.8326	0.0013	6.8065	0.0232	0.0002	0.0
Image_1079	6.8528	0.0013	6.8269	0.0232	0.0002	0.0
Image_1079	6.8511	0.0013	6.8249	0.0233	0.0002	0.0
Image_1079	6.8344	0.0013	6.8084	0.0233	0.0002	0.0
Image_1079	6.8435	0.0013	6.8174	0.0235	0.0002	0.0
Image_1079	6.8355	0.0013	6.8098	0.0231	0.0002	0.0
Image_1079	6.8407	0.0013	6.815	0.023	0.0002	0.0
Image_1079	6.8428	0.0013	6.8167	0.0233	0.0002	0.0
Image_1079	6.839	0.0012	6.8133	0.023	0.0002	0.0
Image_1079	6.8295	0.0013	6.8033	0.0233	0.0002	0.0
Image_1079	6.8403	0.0013	6.814	0.0234	0.0002	0.0
Image_1079	6.8353	0.0013	6.8096	0.023	0.0002	0.0
Image_1079	6.8383	0.0013	6.8124	0.0232	0.0002	0.0
Image_1079	6.8414	0.0013	6.8157	0.0231	0.0002	0.0
Image_1079	6.8427	0.0013	6.8169	0.0231	0.0002	0.0
Image_1079	6.8394	0.0013	6.8135	0.0232	0.0002	0.0
Image_1079_1	3.0583	0.0013	3.0444	0.0116	0.0001	0.0
Image_1079_1	3.0502	0.0013	3.0364	0.0116	0.0001	0.0
Image_1079_1	3.0538	0.0012	3.0401	0.0115	0.0001	0.0
Image_1079_1	3.0537	0.0013	3.04	0.0115	0.0001	0.0
Image_1079_1	3.0565	0.0013	3.0427	0.0116	0.0001	0.0
Image_1079_1	3.0498	0.0013	3.036	0.0116	0.0001	0.0
Image_1079_1	3.0496	0.0013	3.0358	0.0116	0.0001	0.0
Image_1079_1	3.055	0.0013	3.041	0.0117	0.0001	0.0
Image_1079_1	3.0519	0.0013	3.0376	0.0119	0.0001	0.0
Image_1079_1	3.0535	0.0013	3.0397	0.0116	0.0001	0.0
Image_1079_1	3.0435	0.0012	3.0299	0.0114	0.0001	0.0
Image_1079_1	3.0552	0.0013	3.0414	0.0116	0.0001	0.0
Image_1079_1	3.0607	0.0013	3.0469	0.0116	0.0001	0.0
Image_1079_1	3.0551	0.0013	3.0414	0.0115	0.0001	0.0
Image_1079_1	3.0529	0.0013	3.0391	0.0116	0.0001	0.0
Image_1079_1	3.0589	0.0013	3.0449	0.0116	0.0001	0.0
Image_1079_1	3.0651	0.0013	3.0513	0.0116	0.0001	0.0
Image_1079_1	3.0508	0.0013	3.0368	0.0116	0.0001	0.0
Image_1079_1	3.0541	0.0013	3.04	0.0116	0.0001	0.0
Image_1079_1	3.0536	0.0013	3.0398	0.0116	0.0001	0.0
Image_1079_2	3.0568	0.0013	3.0416	0.0128	0.0002	0.0
Image_1079_2	3.0644	0.0013	3.0494	0.0128	0.0002	0.0
Image_1079_2	3.0609	0.0013	3.0455	0.013	0.0001	0.0
Image_1079_2	3.0581	0.0013	3.0431	0.0127	0.0001	0.0
Image_1079_2	3.0621	0.0013	3.0472	0.0127	0.0001	0.0
Image_1079_2	3.0561	0.0013	3.0461	0.0079	0	0
Image_1079_2	3.0611	0.0013	3.0459	0.0128	0.0002	0.0
Image_1079_2	3.0563	0.0013	3.0463	0.008	0	0
Image_1079_2	3.0613	0.0013	3.0463	0.0128	0.0001	0.0
Image_1079_2	3.0559	0.0013	3.0408	0.0128	0.0001	0.0
Image_1079_2	3.059	0.0013	3.0438	0.0128	0.0001	0.0
Image_1079_2	3.0584	0.0013	3.0436	0.0127	0.0001	0.0
Image_1079_2	3.0609	0.0013	3.0458	0.0128	0.0002	0.0
Image_1079_2	3.0599	0.0013	3.0449	0.0127	0.0002	0.0
Image_1079_2	3.0618	0.0013	3.0468	0.0128	0.0001	0.0
Image_1079_2	3.058	0.0013	3.043	0.0127	0.0001	0.0
Image_1079_2	3.0616	0.0013	3.0467	0.0128	0.0002	0.0
Image_1079_2	3.0509	0.0013	3.0359	0.0128	0.0002	0.0
Image_1079_2	3.0632	0.0012	3.0485	0.0126	0.0001	0.0
Image_1079_2	3.0582	0.0013	3.0433	0.0127	0.0001	0.0
Image_1080	4.296	0.0013	4.2639	0.0287	0.0001	0.0
Image_1080	4.2935	0.0013	4.2617	0.0287	0.0001	0.0
Image_1080	4.3089	0.0013	4.2767	0.0289	0.0001	0.0
Image_1080	4.2919	0.0012	4.2603	0.0285	0.0001	0.0
Image_1080	4.2917	0.0013	4.26	0.0285	0.0001	0.0
Image_1080	4.3017	0.0013	4.2698	0.0285	0.0001	0.0
Image_1080	4.3017	0.0013	4.2697	0.0287	0.0001	0.0
Image_1080	4.2899	0.0013	4.2581	0.0285	0.0001	0.0
Image_1080	4.2929	0.0013	4.261	0.0285	0.0001	0.0
Image_1080	4.2835	0.0013	4.2517	0.0284	0.0001	0.0
Image_1080	4.2891	0.0013	4.2577	0.0285	0.0001	0.0
Image_1080	4.2928	0.0013	4.2608	0.0287	0.0001	0.0
Image_1080	4.2949	0.0013	4.2633	0.0286	0.0001	0.0
Image_1080	4.3044	0.0013	4.2725	0.0285	0.0001	0.0
Image_1080	4.3056	0.0013	4.2735	0.0288	0.0001	0.0
Image_1080	4.292	0.0013	4.2603	0.0284	0.0001	0.0
Image_1080	4.2927	0.0013	4.2606	0.0287	0.0001	0.0
Image_1080	4.2811	0.0013	4.2483	0.0296	0.0001	0.0
Image_1080	4.2851	0.0013	4.2535	0.0285	0.0001	0.0
Image_1080	4.3293	0.0013	4.2978	0.0286	0.0001	0.0
Image_1094	4.2699	0.0013	4.2586	0.0083	0	0
Image_1094	4.2649	0.0013	4.2537	0.0081	0	0
Image_1094	4.2677	0.0013	4.2564	0.0083	0	0
Image_1094	4.2814	0.0013	4.2701	0.0082	0	0
Image_1094	4.2674	0.0013	4.2561	0.0083	0	0
Image_1094	5.0599	0.0013	4.9687	0.0871	0	0
Image_1094	4.3053	0.0013	4.2941	0.0081	0	0
Image_1094	4.2668	0.0012	4.2557	0.0083	0	0
Image_1094	4.2715	0.0013	4.2601	0.0083	0	0
Image_1094	4.2611	0.0013	4.2499	0.0082	0	0
Image_1094	4.2532	0.0013	4.2417	0.0082	0	0
Image_1094	4.2749	0.0013	4.2635	0.0083	0	0
Image_1094	4.2608	0.0013	4.2484	0.0094	0	0
Image_1094	4.2675	0.0013	4.2565	0.0082	0	0
Image_1094	4.264	0.0013	4.2526	0.0082	0	0
Image_1094	4.2624	0.0013	4.2513	0.0083	0	0
Image_1094	4.2595	0.0013	4.2481	0.0083	0	0
Image_1094	4.2579	0.0013	4.2468	0.0082	0	0
Image_1094	4.2663	0.0013	4.2549	0.0083	0	0
Image_1094	4.2565	0.0013	4.2451	0.0083	0	0
Image_1096	4.262	0.0013	4.2281	0.0309	0.0001	0.0
Image_1096	4.2722	0.0013	4.2383	0.0308	0.0001	0.0
Image_1096	4.28	0.0013	4.2459	0.0309	0.0001	0.0
Image_1096	4.2698	0.0012	4.2357	0.0308	0.0001	0.0
Image_1096	4.2647	0.0013	4.2304	0.0309	0.0001	0.0
Image_1096	4.2708	0.0013	4.236	0.0312	0.0001	0.0
Image_1096	4.2641	0.0013	4.23	0.0308	0.0001	0.0
Image_1096	4.2512	0.0013	4.2396	0.0086	0	0
Image_1096	4.2661	0.0013	4.2323	0.0307	0.0001	0.0
Image_1096	4.2673	0.0013	4.2336	0.0307	0.0001	0.0
Image_1096	4.2686	0.0013	4.2346	0.0309	0.0001	0.0
Image_1096	4.2639	0.0013	4.2298	0.0309	0.0001	0.0
Image_1096	4.2676	0.0012	4.2338	0.0309	0.0001	0.0
Image_1096	4.2844	0.0013	4.2502	0.0309	0.0001	0.0
Image_1096	4.2701	0.0013	4.2425	0.0245	0	0
Image_1096	4.2667	0.0013	4.2326	0.031	0.0001	0.0
Image_1096	4.2753	0.0012	4.2412	0.031	0.0001	0.0
Image_1096	4.2933	0.0013	4.2592	0.0308	0.0001	0.0
Image_1096	4.3644	0.0013	4.3298	0.031	0.0002	0.0
Image_1096	4.3685	0.0012	4.3317	0.033	0.0002	0.0
Image_1098	4.4928	0.0013	4.4448	0.0446	0.0001	0.0
Image_1098	4.4911	0.0013	4.4428	0.0449	0.0001	0.0
Image_1098	4.4776	0.0013	4.4293	0.045	0.0001	0.0
Image_1098	4.4807	0.0013	4.4319	0.0451	0.0001	0.0
Image_1098	4.5007	0.0013	4.452	0.0454	0.0001	0.0
Image_1098	4.493	0.0013	4.4451	0.0443	0.0001	0.0
Image_1098	4.5508	0.0012	4.5015	0.0457	0.0001	0.0
Image_1098	4.5675	0.0013	4.5192	0.0448	0.0001	0.0
Image_1098	4.4967	0.0014	4.4483	0.0448	0.0001	0.0
Image_1098	4.5025	0.0013	4.4546	0.0446	0.0001	0.0
Image_1098	4.5016	0.0012	4.4536	0.0446	0.0001	0.0
Image_1098	4.5177	0.0013	4.4697	0.0445	0.0001	0.0
Image_1098	4.4364	0.0013	4.3885	0.0445	0.0001	0.0
Image_1098	4.4172	0.0013	4.4007	0.0134	0	0
Image_1098	4.4417	0.0013	4.393	0.0452	0.0001	0.0
Image_1098	4.4639	0.0013	4.4153	0.0448	0.0001	0.0
Image_1098	4.4804	0.0013	4.4325	0.0445	0.0001	0.0
Image_1098	4.4734	0.0013	4.4251	0.045	0.0001	0.0
Image_1098	4.4622	0.0013	4.4142	0.0447	0.0001	0.0
Image_1098	4.467	0.0013	4.4179	0.0456	0.0001	0.0
Image_1103	5.102	0.0013	5.0907	0.0085	0.0001	0.0
Image_1103	5.1358	0.0013	5.1241	0.0087	0.0002	0.0
Image_1103	5.1525	0.0013	5.1414	0.0084	0.0001	0.0
Image_1103	5.1371	0.0013	5.1255	0.0085	0.0001	0.0
Image_1103	5.1523	0.0013	5.1407	0.0086	0.0001	0.0
Image_1103	5.1592	0.0013	5.1477	0.0085	0.0001	0.0
Image_1103	5.1449	0.0013	5.1336	0.0086	0.0001	0.0
Image_1103	5.1195	0.0013	5.108	0.0086	0.0002	0.0
Image_1103	5.1538	0.0013	5.1423	0.0085	0.0002	0.0
Image_1103	5.1698	0.0013	5.1577	0.0087	0.0002	0.0
Image_1103	5.1011	0.0013	5.0896	0.0086	0.0001	0.0
Image_1103	5.1127	0.0013	5.1014	0.0085	0.0001	0.0
Image_1103	5.1053	0.0013	5.0939	0.0085	0.0001	0.0
Image_1103	5.1221	0.0013	5.1107	0.0086	0.0001	0.0
Image_1103	5.1498	0.0013	5.1385	0.0086	0.0001	0.0
Image_1103	5.1288	0.0014	5.1172	0.0086	0.0001	0.0
Image_1103	5.1381	0.0013	5.1266	0.0084	0.0002	0.0
Image_1103	5.1606	0.0013	5.149	0.0085	0.0001	0.0
Image_1103	5.1976	0.0013	5.1859	0.0086	0.0001	0.0
Image_1103	5.1733	0.0013	5.1617	0.0086	0.0001	0.0
Image_1104	6.3349	0.0013	6.3078	0.0243	0.0001	0.0
Image_1104	6.3214	0.0013	6.2945	0.0244	0.0001	0.0
Image_1104	6.3533	0.0013	6.3264	0.0243	0.0001	0.0
Image_1104	6.2827	0.0013	6.2556	0.0245	0.0001	0.0
Image_1104	6.3197	0.0013	6.2926	0.0244	0.0002	0.0
Image_1104	6.3015	0.0013	6.2745	0.0244	0.0001	0.0
Image_1104	6.2694	0.0013	6.2419	0.0248	0.0001	0.0
Image_1104	6.3038	0.0013	6.2756	0.0255	0.0002	0.0
Image_1104	6.3921	0.0014	6.3645	0.0249	0.0001	0.0
Image_1104	6.265	0.0013	6.2382	0.0243	0.0001	0.0
Image_1104	6.2953	0.0013	6.2684	0.0243	0.0001	0.0
Image_1104	6.247	0.0013	6.2194	0.0249	0.0001	0.0
Image_1104	6.2491	0.0012	6.2221	0.0245	0.0001	0.0
Image_1104	6.3009	0.0013	6.2739	0.0243	0.0001	0.0
Image_1104	6.2752	0.0013	6.2487	0.0241	0.0001	0.0
Image_1104	6.3161	0.0013	6.2893	0.0243	0.0001	0.0
Image_1104	6.3683	0.0013	6.3415	0.0242	0.0001	0.0
Image_1104	6.2492	0.0013	6.2222	0.0243	0.0001	0.0
Image_1104	6.2516	0.0013	6.2245	0.0243	0.0002	0.0
Image_1104	6.3509	0.0013	6.3241	0.0242	0.0001	0.0
Image_1181	6.6411	0.0013	6.6052	0.0333	0.0001	0.0
Image_1181	6.6674	0.0013	6.6317	0.0332	0.0001	0.0
Image_1181	6.662	0.0013	6.6251	0.0334	0.0002	0.0
Image_1181	6.6735	0.0013	6.6374	0.0336	0.0002	0.0
Image_1181	6.7038	0.0013	6.6682	0.0332	0.0001	0.0
Image_1181	6.6955	0.0013	6.6598	0.0331	0.0001	0.0
Image_1181	6.7087	0.0013	6.6731	0.0331	0.0001	0.0
Image_1181	6.6657	0.0013	6.6299	0.0332	0.0001	0.0
Image_1181	6.7334	0.0013	6.6976	0.0333	0.0001	0.0
Image_1181	6.7127	0.0013	6.6756	0.0346	0.0001	0.0
Image_1181	6.7201	0.0013	6.6828	0.0346	0.0002	0.0
Image_1181	6.7414	0.0013	6.7055	0.0333	0.0001	0.0
Image_1181	6.705	0.0013	6.6695	0.0332	0.0001	0.0
Image_1181	6.7729	0.0013	6.7372	0.0331	0.0001	0.0
Image_1181	6.7223	0.0013	6.6865	0.0333	0.0001	0.0
Image_1181	6.6926	0.0013	6.657	0.0332	0.0001	0.0
Image_1181	6.6631	0.0013	6.6275	0.0332	0.0001	0.0
Image_1181	6.7447	0.0013	6.7079	0.0335	0.0002	0.0
Image_1181	6.6856	0.0013	6.6487	0.0344	0.0001	0.0
Image_1181	6.6739	0.0013	6.6382	0.0333	0.0001	0.0
Image_1225	4.3315	0.0013	4.3064	0.0218	0.0001	0.0
Image_1225	4.3479	0.0013	4.3224	0.0221	0.0001	0.0
Image_1225	4.3578	0.0013	4.3325	0.0221	0.0001	0.0
Image_1225	4.3943	0.0013	4.3686	0.0222	0.0001	0.0
Image_1225	4.3513	0.0013	4.3252	0.0226	0.0001	0.0
Image_1225	4.3303	0.0013	4.3046	0.0221	0.0001	0.0
Image_1225	4.3555	0.0013	4.33	0.0222	0.0001	0.0
Image_1225	4.4016	0.0013	4.3764	0.0219	0	0
Image_1225	4.4164	0.0013	4.391	0.0221	0.0001	0.0
Image_1225	4.3817	0.0013	4.3563	0.0222	0.0001	0.0
Image_1225	4.416	0.0013	4.3907	0.0222	0.0001	0.0
Image_1225	4.3564	0.0013	4.331	0.0219	0.0001	0.0
Image_1225	4.3719	0.0013	4.3463	0.022	0.0001	0.0
Image_1225	4.3288	0.0013	4.3038	0.0218	0.0001	0.0
Image_1225	4.3536	0.0013	4.3285	0.0221	0.0001	0.0
Image_1225	4.3471	0.0013	4.3217	0.0221	0.0001	0.0
Image_1225	4.3458	0.0012	4.3205	0.0221	0.0001	0.0
Image_1225	4.3868	0.0013	4.3617	0.022	0.0001	0.0
Image_1225	4.3888	0.0013	4.3622	0.0231	0	0
Image_1225	4.4008	0.0013	4.3749	0.0222	0.0001	0.0
Image_1263	4.3342	0.0013	4.3107	0.0202	0.0001	0.0
Image_1263	4.3384	0.0013	4.315	0.0201	0.0001	0.0
Image_1263	4.3543	0.0013	4.3308	0.0204	0.0001	0.0
Image_1263	4.314	0.0013	4.2908	0.0201	0.0001	0.0
Image_1263	4.3634	0.0013	4.3402	0.02	0.0001	0.0
Image_1263	4.3124	0.0013	4.2891	0.0201	0.0001	0.0
Image_1263	4.33	0.0013	4.3062	0.0205	0.0001	0.0
Image_1263	4.3459	0.0013	4.3225	0.0201	0.0001	0.0
Image_1263	4.3453	0.0013	4.3218	0.0201	0.0001	0.0
Image_1263	4.3711	0.0014	4.3472	0.0203	0.0001	0.0
Image_1263	4.3638	0.0013	4.3503	0.0104	0	0
Image_1263	4.3691	0.0013	4.3458	0.0203	0.0001	0.0
Image_1263	4.3904	0.0013	4.367	0.0201	0.0001	0.0
Image_1263	4.3507	0.0013	4.327	0.0201	0.0002	0.0
Image_1263	4.324	0.0013	4.3005	0.0203	0.0001	0.0
Image_1263	4.3819	0.0014	4.3584	0.0201	0.0001	0.0
Image_1263	4.3126	0.0013	4.2888	0.0203	0.0001	0.0
Image_1263	4.3509	0.0013	4.3271	0.0203	0.0001	0.0
Image_1263	4.3428	0.0013	4.319	0.0206	0.0001	0.0
Image_1263	4.3685	0.0013	4.3447	0.0205	0.0002	0.0
Image_1268	4.2423	0.0013	4.2198	0.0194	0.0001	0.0
Image_1268	4.271	0.0013	4.2476	0.0199	0.0001	0.0
Image_1268	4.2836	0.0013	4.2608	0.0196	0.0001	0.0
Image_1268	4.2725	0.0013	4.2497	0.0194	0.0001	0.0
Image_1268	4.2917	0.0013	4.2689	0.0194	0.0001	0.0
Image_1268	4.298	0.0014	4.2753	0.0194	0.0001	0.0
Image_1268	4.3029	0.0013	4.2801	0.0196	0.0001	0.0
Image_1268	4.3775	0.0013	4.3543	0.0194	0.0001	0.0
Image_1268	4.2359	0.0013	4.2127	0.0199	0.0001	0.0
Image_1268	4.2061	0.0013	4.1834	0.0193	0.0001	0.0
Image_1268	4.3101	0.0013	4.2875	0.0194	0.0001	0.0
Image_1268	4.2852	0.0014	4.2621	0.0195	0.0001	0.0
Image_1268	4.3249	0.0014	4.3017	0.0195	0.0001	0.0
Image_1268	4.3081	0.0013	4.2852	0.0196	0.0001	0.0
Image_1268	4.212	0.0013	4.1896	0.0194	0.0001	0.0
Image_1268	4.2055	0.0014	4.1831	0.0194	0.0001	0.0
Image_1268	4.2067	0.0013	4.1845	0.0192	0.0001	0.0
Image_1268	4.2056	0.0013	4.1831	0.0195	0.0001	0.0
Image_1268	4.2073	0.0013	4.1846	0.0195	0.0001	0.0
Image_1268	4.1995	0.0013	4.177	0.0193	0.0001	0.0
Image_1286	4.2409	0.0013	4.2289	0.0089	0.0002	0.0
Image_1286	4.2342	0.0013	4.222	0.009	0.0002	0.0
Image_1286	4.2306	0.0013	4.2187	0.0089	0.0002	0.0
Image_1286	4.2431	0.0013	4.2311	0.0089	0.0002	0.0
Image_1286	4.2326	0.0013	4.2207	0.0089	0.0002	0.0
Image_1286	4.2273	0.0013	4.2153	0.0088	0.0002	0.0
Image_1286	4.2296	0.0013	4.2176	0.0089	0.0002	0.0
Image_1286	4.2259	0.0013	4.2139	0.0089	0.0002	0.0
Image_1286	4.2285	0.0013	4.2166	0.0089	0.0002	0.0
Image_1286	4.2425	0.0013	4.2304	0.0089	0.0002	0.0
Image_1286	4.2323	0.0013	4.2202	0.0089	0.0002	0.0
Image_1286	4.2242	0.0013	4.2126	0.0088	0.0002	0.0
Image_1286	4.2449	0.0013	4.2328	0.0089	0.0002	0.0
Image_1286	4.2397	0.0013	4.2275	0.009	0.0002	0.0
Image_1286	4.2434	0.0013	4.2313	0.0089	0.0002	0.0
Image_1286	4.2339	0.0013	4.2217	0.0089	0.0002	0.0
Image_1286	4.2342	0.0013	4.2218	0.009	0.0002	0.0
Image_1286	4.2323	0.0012	4.2201	0.0089	0.0002	0.0
Image_1286	4.235	0.0013	4.223	0.009	0.0002	0.0
Image_1286	4.2362	0.0013	4.2244	0.0087	0.0002	0.0
Image_1378	4.0872	0.0013	4.0695	0.0147	0.0001	0.0
Image_1378	4.0781	0.0013	4.0604	0.0147	0.0001	0.0
Image_1378	4.0839	0.0012	4.066	0.0148	0.0001	0.0
Image_1378	4.0864	0.0013	4.0685	0.0148	0.0001	0.0
Image_1378	4.0804	0.0012	4.0623	0.0148	0.0001	0.0
Image_1378	4.0708	0.0013	4.0612	0.0065	0	0
Image_1378	4.0863	0.0013	4.0686	0.0147	0.0001	0.0
Image_1378	4.0771	0.0013	4.0593	0.0147	0.0001	0.0
Image_1378	4.0777	0.0013	4.06	0.0146	0.0001	0.0
Image_1378	4.0913	0.0013	4.0735	0.0148	0.0001	0.0
Image_1378	4.0729	0.0013	4.0635	0.0065	0	0
Image_1378	4.0773	0.0013	4.0596	0.0146	0.0001	0.0
Image_1378	4.0756	0.0013	4.0659	0.0065	0	0
Image_1378	4.0812	0.0013	4.0631	0.0147	0.0001	0.0
Image_1378	4.0844	0.0013	4.0668	0.0147	0.0001	0.0
Image_1378	4.0905	0.0013	4.0727	0.0148	0.0001	0.0
Image_1378	4.0946	0.0013	4.0768	0.0148	0.0001	0.0
Image_1378	4.0838	0.0013	4.0658	0.0147	0.0001	0.0
Image_1378	4.0833	0.0013	4.0655	0.0149	0.0001	0.0
Image_1378	4.0898	0.0013	4.0718	0.0147	0.0001	0.0
Image_1379	4.1517	0.0012	4.1369	0.0116	0.0001	0.0
Image_1379	4.176	0.0013	4.1612	0.0115	0.0001	0.0
Image_1379	4.1948	0.0013	4.1802	0.0117	0.0001	0.0
Image_1379	4.161	0.0013	4.1464	0.0116	0.0001	0.0
Image_1379	4.1646	0.0013	4.15	0.0116	0.0001	0.0
Image_1379	4.1611	0.0013	4.1465	0.0116	0.0001	0.0
Image_1379	4.1661	0.0013	4.1513	0.0116	0.0001	0.0
Image_1379	4.1585	0.0013	4.1439	0.0115	0.0001	0.0
Image_1379	4.1594	0.0013	4.1449	0.0115	0.0001	0.0
Image_1379	4.1632	0.0013	4.1486	0.0114	0.0001	0.0
Image_1379	4.1546	0.0013	4.14	0.0115	0.0001	0.0
Image_1379	4.1566	0.0013	4.142	0.0116	0.0001	0.0
Image_1379	4.1498	0.0013	4.1353	0.0115	0.0001	0.0
Image_1379	4.1614	0.0013	4.1467	0.0115	0.0001	0.0
Image_1379	4.1544	0.0012	4.1396	0.0115	0.0001	0.0
Image_1379	4.152	0.0013	4.1372	0.0116	0.0001	0.0
Image_1379	4.1512	0.0013	4.1362	0.0116	0.0001	0.0
Image_1379	4.16	0.0013	4.1445	0.012	0.0001	0.0
Image_1379	4.1582	0.0013	4.1435	0.0116	0.0001	0.0
Image_1379	4.1589	0.0013	4.1441	0.0117	0.0001	0.0
Image_1426	4.3718	0.0013	4.3334	0.0352	0.0001	0.0
Image_1426	4.3731	0.0013	4.3348	0.0351	0.0001	0.0
Image_1426	4.3725	0.0013	4.3339	0.0351	0.0002	0.0
Image_1426	4.3744	0.0013	4.3364	0.0349	0.0001	0.0
Image_1426	4.3898	0.0013	4.3504	0.0362	0.0001	0.0
Image_1426	4.3777	0.0013	4.3393	0.0352	0.0001	0.0
Image_1426	4.3673	0.0013	4.329	0.0351	0.0002	0.0
Image_1426	4.3985	0.0012	4.3602	0.0352	0.0001	0.0
Image_1426	4.6871	0.0013	4.6108	0.0716	0.0003	0.0
Image_1426	8.8529	0.0026	8.7745	0.0723	0.0003	0.0
Image_1426	8.842	0.0027	8.7646	0.0714	0.0003	0.0
Image_1426	5.0904	0.0026	5.0494	0.0352	0.0002	0.0
Image_1426	4.3108	0.0013	4.2733	0.0344	0.0001	0.0
Image_1426	4.3281	0.0013	4.2902	0.0347	0.0001	0.0
Image_1426	4.3349	0.0013	4.3024	0.0294	0	0
Image_1426	4.3561	0.0013	4.3183	0.0345	0.0002	0.0
Image_1426	4.3551	0.0013	4.3173	0.0343	0.0001	0.0
Image_1426	4.3568	0.0013	4.319	0.0346	0.0001	0.0
Image_1426	4.3629	0.0012	4.3237	0.0361	0.0001	0.0
Image_1426	4.3617	0.0012	4.3237	0.0351	0.0001	0.0
Image_2366	6.3336	0.0012	6.3105	0.0207	0.0002	0.0
Image_2366	6.3369	0.0013	6.3139	0.0206	0.0002	0.0
Image_2366	6.3387	0.0013	6.3154	0.0208	0.0002	0.0
Image_2366	6.3411	0.0013	6.3176	0.0209	0.0002	0.0
Image_2366	6.3449	0.0013	6.3218	0.0206	0.0002	0.0
Image_2366	6.3296	0.0013	6.3063	0.0207	0.0002	0.0
Image_2366	6.3483	0.0013	6.3251	0.0208	0.0002	0.0
Image_2366	6.3531	0.0013	6.3297	0.0209	0.0002	0.0
Image_2366	6.3452	0.0013	6.3212	0.0214	0.0002	0.0
Image_2366	6.3523	0.0013	6.3292	0.0207	0.0002	0.0
Image_2366	6.3683	0.0013	6.3448	0.021	0.0002	0.0
Image_2366	6.4518	0.0013	6.4285	0.0208	0.0002	0.0
Image_2366	6.3545	0.0013	6.3297	0.022	0.0002	0.0
Image_2366	6.411	0.0013	6.3878	0.0208	0.0002	0.0
Image_2366	6.3834	0.0013	6.3601	0.0207	0.0002	0.0
Image_2366	6.4399	0.0013	6.4171	0.0206	0.0002	0.0
Image_2366	6.3881	0.0013	6.3644	0.021	0.0002	0.0
Image_2366	6.4355	0.0013	6.4116	0.021	0.0002	0.0
Image_2366	6.5095	0.0013	6.4866	0.0206	0.0002	0.0
Image_2366	6.3981	0.0013	6.3746	0.021	0.0002	0.0
Image_2366_1	2.8476	0.0013	2.8355	0.01	0.0001	0.0
Image_2366_1	2.8083	0.0013	2.7962	0.01	0.0001	0.0
Image_2366_1	2.8324	0.0013	2.8193	0.0108	0.0002	0.0
Image_2366_1	2.8226	0.0012	2.8105	0.01	0.0001	0.0
Image_2366_1	2.7826	0.0013	2.7704	0.01	0.0001	0.0
Image_2366_1	2.7868	0.0013	2.7747	0.0101	0.0001	0.0
Image_2366_1	2.7973	0.0012	2.7852	0.01	0.0001	0.0
Image_2366_1	2.8508	0.0013	2.8385	0.0102	0.0001	0.0
Image_2366_1	2.8402	0.0013	2.8277	0.0103	0.0001	0.0
Image_2366_1	2.8176	0.0013	2.8056	0.01	0.0001	0.0
Image_2366_1	2.8167	0.0012	2.8044	0.01	0.0001	0.0
Image_2366_1	2.8311	0.0013	2.8178	0.0109	0.0001	0.0
Image_2366_1	2.8183	0.0013	2.806	0.0101	0.0001	0.0
Image_2366_1	2.8338	0.0013	2.821	0.0106	0.0001	0.0
Image_2366_1	2.8474	0.0013	2.8352	0.01	0.0001	0.0
Image_2366_1	2.8597	0.0013	2.8472	0.0102	0.0002	0.0
Image_2366_1	2.8354	0.0013	2.8227	0.0105	0.0001	0.0
Image_2366_1	2.8136	0.0013	2.8012	0.0101	0.0001	0.0
Image_2366_1	2.8192	0.0013	2.8066	0.0102	0.0002	0.0
Image_2366_1	2.8341	0.0013	2.822	0.0099	0.0001	0.0
Image_2366_2	2.855	0.0013	2.8423	0.0106	0.0001	0.0
Image_2366_2	2.8693	0.0013	2.8559	0.0109	0.0002	0.0
Image_2366_2	2.8667	0.0013	2.853	0.0113	0.0002	0.0
Image_2366_2	2.8378	0.0013	2.8253	0.0104	0.0001	0.0
Image_2366_2	2.8216	0.0013	2.8088	0.0106	0.0001	0.0
Image_2366_2	2.8199	0.0013	2.806	0.0114	0.0002	0.0
Image_2366_2	2.87	0.0013	2.8566	0.011	0.0002	0.0
Image_2366_2	2.8665	0.0014	2.8533	0.0108	0.0002	0.0
Image_2366_2	2.8761	0.0013	2.8635	0.0105	0.0002	0.0
Image_2366_2	2.854	0.0013	2.8412	0.0106	0.0001	0.0
Image_2366_2	2.8107	0.0013	2.798	0.0105	0.0001	0.0
Image_2366_2	2.8284	0.0013	2.8152	0.0109	0.0001	0.0
Image_2366_2	2.8064	0.0013	2.7938	0.0105	0.0001	0.0
Image_2366_2	2.8566	0.0013	2.8437	0.0105	0.0001	0.0
Image_2366_2	2.829	0.0013	2.8164	0.0104	0.0001	0.0
Image_2366_2	2.7816	0.0013	2.7678	0.0114	0.0002	0.0
Image_2366_2	2.8102	0.0013	2.7964	0.0114	0.0002	0.0
Image_2366_2	2.7823	0.0013	2.769	0.011	0.0001	0.0
Image_2366_2	2.789	0.0012	2.7765	0.0104	0.0001	0.0
Image_2366_2	2.7856	0.0013	2.773	0.0105	0.0001	0.0
Image_2366_3	5.818	0.0013	5.7813	0.0168	0.0002	0.0
Image_2366_3	5.7815	0.0013	5.7626	0.0166	0.0001	0.0
Image_2366_3	5.7978	0.0013	5.7786	0.0167	0.0002	0.0
Image_2366_3	5.8172	0.0013	5.7982	0.0165	0.0002	0.0
Image_2366_3	5.8031	0.0013	5.7841	0.0165	0.0002	0.0
Image_2366_3	5.8172	0.0013	5.798	0.0166	0.0002	0.0
Image_2366_3	5.914	0.0013	5.8854	0.0166	0.0002	0.0
Image_2366_3	5.8357	0.0013	5.8166	0.0166	0.0001	0.0
Image_2366_3	5.7816	0.0013	5.7623	0.0168	0.0001	0.0
Image_2366_3	5.8141	0.0013	5.7952	0.0165	0.0001	0.0
Image_2366_3	5.7721	0.0013	5.7532	0.0165	0.0002	0.0
Image_2366_3	5.8052	0.0013	5.7858	0.0167	0.0002	0.0
Image_2366_3	5.7611	0.0013	5.7419	0.0167	0.0002	0.0
Image_2366_3	5.8275	0.0012	5.8087	0.0166	0.0002	0.0
Image_2366_3	5.8329	0.0013	5.8141	0.0166	0.0002	0.0
Image_2366_3	5.8068	0.0013	5.7878	0.0167	0.0002	0.0
Image_2366_3	5.8086	0.0013	5.7894	0.0168	0.0001	0.0
Image_2366_3	5.7044	0.0014	5.6853	0.0166	0.0002	0.0
Image_2366_3	5.7503	0.0013	5.7312	0.0166	0.0002	0.0
Image_2366_3	5.782	0.0013	5.7631	0.0165	0.0001	0.0
tag1	0.2377	0.0013	0.2274	0.0082	0.0002	0.0
tag1	0.2345	0.0013	0.2243	0.0081	0.0002	0.0
tag1	0.2356	0.0013	0.2253	0.0081	0.0002	0.0
tag1	0.2346	0.0013	0.224	0.0083	0.0002	0.0
tag1	0.2385	0.0013	0.228	0.0084	0.0002	0.0
tag1	0.2351	0.0013	0.2249	0.0081	0.0002	0.0
tag1	0.2432	0.0013	0.2328	0.0082	0.0002	0.0
tag1	0.2369	0.0013	0.2267	0.0082	0.0002	0.0
tag1	0.2374	0.0013	0.227	0.0082	0.0002	0.0
tag1	0.2312	0.0013	0.2261	0.003	0	0
tag1	0.2394	0.0013	0.2291	0.0081	0.0002	0.0
tag1	0.2407	0.0013	0.2292	0.009	0.0002	0.0
tag1	0.2339	0.0013	0.2235	0.0081	0.0002	0.0
tag1	0.2359	0.0013	0.2258	0.008	0.0002	0.0
tag1	0.2342	0.0013	0.224	0.0081	0.0002	0.0
tag1	0.2459	0.0013	0.2354	0.0083	0.0002	0.0
tag1	0.2401	0.0012	0.2298	0.0083	0.0002	0.0
tag1	0.2379	0.0013	0.2275	0.0083	0.0002	0.0
tag1	0.237	0.0012	0.2267	0.0082	0.0002	0.0
tag1	0.2308	0.0013	0.226	0.003	0	0
tag4	0.2714	0.0013	0.2505	0.0186	0.0001	0.0
tag4	0.2718	0.0013	0.2518	0.0177	0.0002	0.0
tag4	0.2688	0.0013	0.249	0.0176	0.0001	0.0
tag4	0.2846	0.0013	0.264	0.0183	0.0001	0.0
tag4	0.2677	0.0014	0.2479	0.0176	0.0001	0.0
tag4	0.2738	0.0014	0.2532	0.0182	0.0002	0.0
tag4	0.2679	0.0014	0.2481	0.0176	0.0001	0.0
tag4	0.2655	0.0013	0.2457	0.0177	0.0001	0.0
tag4	0.2706	0.0013	0.2499	0.0184	0.0001	0.0
tag4	0.2815	0.0013	0.254	0.0176	0.0001	0.0
tag4	0.2751	0.0013	0.2552	0.0178	0.0001	0.0
tag4	0.279	0.0013	0.2588	0.018	0.0001	0.0
tag4	0.2769	0.0013	0.2562	0.0184	0.0001	0.0
tag4	0.272	0.0013	0.252	0.018	0.0001	0.0
tag4	0.2712	0.0013	0.2512	0.0178	0.0002	0.0
tag4	0.2742	0.0013	0.2536	0.0183	0.0002	0.0
tag4	0.2721	0.0013	0.252	0.0177	0.0001	0.0
tag4	0.2668	0.0013	0.2471	0.0176	0.0001	0.0
tag4	0.2687	0.0013	0.2486	0.0179	0.0001	0.0
tag4	0.2672	0.0012	0.2472	0.0178	0.0001	0.0
tag5	0.2679	0.0013	0.2508	0.0149	0.0002	0.0
tag5	0.2567	0.0013	0.2399	0.0147	0.0002	0.0
tag5	0.2534	0.0013	0.2368	0.0146	0.0002	0.0
tag5	0.269	0.0016	0.249	0.0155	0.0002	0.0
tag5	0.2632	0.0013	0.2464	0.0147	0.0002	0.0
tag5	0.2677	0.0013	0.2508	0.0147	0.0002	0.0
tag5	0.2553	0.0013	0.2386	0.0146	0.0002	0.0
tag5	0.2555	0.0013	0.2387	0.0146	0.0002	0.0
tag5	0.2869	0.0013	0.2685	0.016	0.0002	0.0
tag5	0.2568	0.0012	0.2402	0.0145	0.0002	0.0
tag5	0.2496	0.0013	0.2381	0.0098	0	0
tag5	0.2627	0.0013	0.2454	0.0151	0.0002	0.0
tag5	0.2597	0.0013	0.243	0.0147	0.0002	0.0
tag5	0.2588	0.0013	0.2421	0.0146	0.0002	0.0
tag5	0.2552	0.0013	0.2385	0.0146	0.0002	0.0
tag5	0.254	0.0013	0.2372	0.0146	0.0002	0.0
tag5	0.2554	0.0013	0.2387	0.0145	0.0002	0.0
tag5	0.2529	0.0013	0.2362	0.0146	0.0002	0.0
tag5	0.2592	0.0013	0.2424	0.0146	0.0002	0.0
tag5	0.2571	0.0013	0.2404	0.0146	0.0002	0.0
tag6	0.2496	0.0013	0.2344	0.013	0.0001	0.0
tag6	0.2503	0.0013	0.2351	0.0131	0.0001	0.0
tag6	0.2386	0.0013	0.233	0.0038	0	0
tag6	0.2468	0.0013	0.2317	0.013	0.0001	0.0
tag6	0.249	0.0013	0.234	0.013	0.0001	0.0
tag6	0.2489	0.0013	0.2338	0.013	0.0001	0.0
tag6	0.2539	0.0013	0.2386	0.0131	0.0001	0.0
tag6	0.2497	0.0013	0.2345	0.0131	0.0001	0.0
tag6	0.251	0.0014	0.2356	0.0131	0.0001	0.0
tag6	0.2484	0.0013	0.2333	0.013	0.0001	0.0
tag6	0.2491	0.0013	0.234	0.013	0.0001	0.0
tag6	0.2483	0.0012	0.2332	0.013	0.0001	0.0
tag6	0.2479	0.0012	0.2329	0.013	0.0001	0.0
tag6	0.2501	0.0013	0.2348	0.0131	0.0001	0.0
tag6	0.2488	0.0013	0.2336	0.0131	0.0001	0.0
tag6	0.2497	0.0014	0.2344	0.0131	0.0001	0.0
tag6	0.2534	0.0013	0.2379	0.0133	0.0001	0.0
tag6	0.2498	0.0013	0.2347	0.013	0.0001	0.0
tag6	0.2501	0.0012	0.2348	0.0132	0.0001	0.0
tag6	0.2406	0.0013	0.2347	0.0039	0	0
tag7	0.2576	0.0013	0.2401	0.0153	0.0001	0.0
tag7	0.2554	0.0013	0.2381	0.0153	0.0001	0.0
tag7	0.2558	0.0012	0.2385	0.0153	0.0001	0.0
tag7	0.2546	0.0013	0.2373	0.0153	0.0001	0.0
tag7	0.2574	0.0013	0.24	0.0153	0.0001	0.0
tag7	0.258	0.0013	0.2405	0.0154	0.0001	0.0
tag7	0.2577	0.0014	0.2401	0.0153	0.0001	0.0
tag7	0.2569	0.0013	0.2395	0.0153	0.0001	0.0
tag7	0.2539	0.0013	0.2364	0.0154	0.0001	0.0
tag7	0.2579	0.0013	0.2404	0.0153	0.0001	0.0
tag7	0.2539	0.0013	0.2366	0.0153	0.0001	0.0
tag7	0.257	0.0013	0.2395	0.0154	0.0001	0.0
tag7	0.2569	0.0013	0.2394	0.0154	0.0001	0.0
tag7	0.2555	0.0013	0.2381	0.0153	0.0001	0.0
tag7	0.2567	0.0013	0.239	0.0156	0.0001	0.0
tag7	0.2586	0.0013	0.2412	0.0153	0.0001	0.0
tag7	0.2562	0.0013	0.2388	0.0153	0.0001	0.0
tag7	0.2563	0.0012	0.2389	0.0153	0.0001	0.0
tag7	0.2566	0.0013	0.2392	0.0153	0.0001	0.0
tag7	0.2569	0.0013	0.2394	0.0153	0.0001	0.0
tag8	0.2231	0.0013	0.2146	0.0065	0.0002	0.0
tag8	0.2242	0.0013	0.2155	0.0066	0.0002	0.0
tag8	0.2242	0.0013	0.2156	0.0065	0.0002	0.0
tag8	0.2243	0.0013	0.2157	0.0065	0.0002	0.0
tag8	0.2243	0.0013	0.2155	0.0066	0.0002	0.0
tag8	0.2241	0.0012	0.2156	0.0065	0.0001	0.0
tag8	0.2248	0.0012	0.2161	0.0066	0.0001	0.0
tag8	0.2249	0.0013	0.2161	0.0067	0.0002	0.0
tag8	0.2235	0.0013	0.2149	0.0066	0.0002	0.0
tag8	0.2252	0.0012	0.2165	0.0066	0.0001	0.0
tag8	0.2249	0.0013	0.2162	0.0065	0.0001	0.0
tag8	0.2238	0.0013	0.2149	0.0068	0.0002	0.0
tag8	0.224	0.0013	0.2156	0.0065	0.0002	0.0
tag8	0.2236	0.0012	0.215	0.0065	0.0001	0.0
tag8	0.2241	0.0013	0.2154	0.0066	0.0002	0.0
tag8	0.2235	0.0013	0.215	0.0065	0.0002	0.0
tag8	0.2237	0.0013	0.2151	0.0065	0.0002	0.0
tag8	0.224	0.0013	0.2155	0.0065	0.0002	0.0
tag8	0.2266	0.0013	0.218	0.0065	0.0002	0.0
tag8	0.2211	0.0013	0.2126	0.0065	0.0001	0.0
tag11	0.2387	0.0013	0.2263	0.0104	0.0001	0.0
tag11	0.2419	0.0013	0.2294	0.0104	0.0002	0.0
tag11	0.242	0.0013	0.2295	0.0104	0.0001	0.0
tag11	0.2418	0.0013	0.2294	0.0103	0.0002	0.0
tag11	0.2413	0.0012	0.229	0.0103	0.0001	0.0
tag11	0.2411	0.0013	0.2286	0.0104	0.0002	0.0
tag11	0.2393	0.0013	0.2268	0.0103	0.0001	0.0
tag11	0.2406	0.0013	0.2281	0.0104	0.0002	0.0
tag11	0.2415	0.0013	0.2289	0.0104	0.0001	0.0
tag11	0.2443	0.0013	0.2317	0.0105	0.0002	0.0
tag11	0.2417	0.0012	0.2293	0.0103	0.0002	0.0
tag11	0.2407	0.0013	0.2288	0.01	0	0
tag11	0.2411	0.0013	0.2286	0.0104	0.0001	0.0
tag11	0.2424	0.0013	0.2296	0.0106	0.0002	0.0
tag11	0.2422	0.0013	0.2298	0.0103	0.0002	0.0
tag11	0.241	0.0013	0.2286	0.0103	0.0002	0.0
tag11	0.239	0.0013	0.2266	0.0103	0.0002	0.0
tag11	0.2409	0.0013	0.2285	0.0103	0.0002	0.0
tag11	0.2325	0.0013	0.2286	0.0019	0	0
tag11	0.2412	0.0013	0.2287	0.0104	0.0002	0.0
tag12	0.2273	0.0013	0.2177	0.0077	0.0001	0.0
tag12	0.2302	0.0013	0.2205	0.0077	0.0001	0.0
tag12	0.2292	0.0013	0.2192	0.0079	0.0001	0.0
tag12	0.2302	0.0013	0.2205	0.0077	0.0002	0.0
tag12	0.2293	0.0013	0.2196	0.0077	0.0002	0.0
tag12	0.2314	0.0013	0.2216	0.0078	0.0001	0.0
tag12	0.2295	0.0013	0.2198	0.0077	0.0002	0.0
tag12	0.2296	0.0013	0.2199	0.0077	0.0001	0.0
tag12	0.2295	0.0013	0.2198	0.0077	0.0001	0.0
tag12	0.2278	0.0013	0.2181	0.0077	0.0001	0.0
tag12	0.2326	0.0013	0.2229	0.0077	0.0001	0.0
tag12	0.2301	0.0013	0.2204	0.0076	0.0001	0.0
tag12	0.2299	0.0014	0.22	0.0077	0.0001	0.0
tag12	0.2284	0.0013	0.2187	0.0076	0.0001	0.0
tag12	0.2274	0.0013	0.2177	0.0077	0.0001	0.0
tag12	0.23	0.0013	0.2203	0.0077	0.0001	0.0
tag12	0.2301	0.0013	0.2203	0.0077	0.0001	0.0
tag12	0.23	0.0013	0.2203	0.0077	0.0001	0.0
tag12	0.2298	0.0013	0.2201	0.0077	0.0001	0.0
tag12	0.2294	0.0014	0.2196	0.0076	0.0001	0.0
tag13	0.2323	0.0013	0.2221	0.008	0.0002	0.0
tag13	0.2347	0.0013	0.2243	0.0084	0.0001	0.0
tag13	0.2329	0.0013	0.2228	0.0081	0.0001	0.0
tag13	0.2334	0.0013	0.2232	0.0081	0.0001	0.0
tag13	0.233	0.0013	0.2228	0.0081	0.0001	0.0
tag13	0.2336	0.0013	0.2235	0.008	0.0002	0.0
tag13	0.2341	0.0013	0.224	0.008	0.0001	0.0
tag13	0.2324	0.0013	0.2221	0.0083	0.0002	0.0
tag13	0.232	0.0012	0.222	0.0081	0.0001	0.0
tag13	0.2328	0.0013	0.2227	0.0081	0.0002	0.0
tag13	0.2328	0.0012	0.2227	0.0081	0.0001	0.0
tag13	0.2353	0.0013	0.2251	0.0081	0.0001	0.0
tag13	0.2331	0.0013	0.2229	0.0081	0.0002	0.0
tag13	0.2331	0.0012	0.223	0.0081	0.0001	0.0
tag13	0.2335	0.0013	0.2233	0.008	0.0001	0.0
tag13	0.2322	0.0013	0.2221	0.008	0.0002	0.0
tag13	0.2321	0.0013	0.2221	0.008	0.0002	0.0
tag13	0.232	0.0013	0.2219	0.0081	0.0002	0.0
tag13	0.2334	0.0013	0.2233	0.0081	0.0001	0.0
tag13	0.2321	0.0013	0.2221	0.008	0.0001	0.0
